 -1.136211 0.000100 0.000100 0.000100
 -1.631827 0.000100 0.000100 0.000100
 -1.466952 0.000100 0.000100 0.000100
 -1.375285 0.000100 0.000100 0.000100
 -1.151723 -1.287855 -1.548137 -1.632694
 -1.331235 -1.485385 -1.830224 -1.052522
 -1.139435 -1.427116 -1.570217 -1.461018
 -1.393620 -1.975540 -1.113319 -1.256420
 -1.105003 -1.418660 -1.837369 -1.318576
 -1.132230 -1.617736 -1.800057 -1.158205
 -0.978167 -1.301953 -1.783790 -1.692818
 -1.408113 -1.676376 -1.196805 -1.323556
 -1.483933 -1.276294 -1.815289 -1.104444
 -0.932821 -2.031430 -1.970805 -1.090450
 -1.098613 -1.314836 -2.043071 -1.314836
 -1.683545 -1.645805 -1.009818 -1.358124
 -1.315067 -1.340385 -1.602748 -1.315067
 -1.353505 -1.897118 -1.491655 -1.003303
 -1.089563 -1.174121 -2.061419 -1.481604
 -1.356081 -1.874873 -1.142507 -1.309561
 -1.160488 -1.226446 -1.875139 -1.427116
 -1.170072 -1.980999 -2.045537 -0.861771
 -1.228666 -1.027996 -1.634130 -1.867743
 -1.446919 -1.475090 -1.201797 -1.446919
 -1.432507 -1.131403 -1.998901 -1.193278
 -1.220902 -1.638636 -2.295412 -0.891424
 -0.920932 -1.280934 -1.791758 -1.848916
 -1.278081 -1.806147 -1.180443 -1.386294
 -1.225027 -1.361602 -1.939678 -1.183354
 -1.312187 -2.094943 -2.034318 -0.740402
 -0.875470 -1.791757 -1.568615 -1.568615
 -1.360977 -1.871801 -1.158036 -1.288656
 -1.280934 -1.062245 -1.755391 -1.591088
 -1.630271 -1.802120 -1.866658 -0.724565
 -1.359143 -1.027787 -1.858132 -1.472472
 -1.151723 -1.725067 -1.287855 -1.470176
 -1.326871 -0.965082 -2.592531 -1.276861
 -1.459319 -1.777772 -1.960093 -0.781441
 -0.993253 -1.044546 -2.284230 -1.737691
 -1.084914 -1.885689 -1.170072 -1.609437
 -1.297215 -0.987061 -2.036880 -1.497885
 -1.574346 -2.051268 -2.233588 -0.584935
 -1.098613 -0.828324 -2.268677 -2.068008
 -1.085710 -1.858897 -1.230290 -1.540445
 -1.208312 -0.959416 -2.264360 -1.540445
 -1.763587 -2.108426 -1.997201 -0.559617
 -0.973451 -1.098613 -2.101910 -1.791757
 -1.055263 -1.804497 -1.507247 -1.324926
 -1.025854 -0.974560 -3.459449 -1.457986
 -1.704747 -1.791758 -2.243740 -0.606137
 -0.839103 -1.258955 -2.197218 -1.755390
 -0.931107 -1.957743 -1.329136 -1.609437
 -0.975380 -1.098613 -2.906893 -1.448286
 -1.492516 -1.768769 -1.915371 -0.782276
 -0.923166 -1.032364 -2.681007 -1.725508
 -0.978709 -2.165871 -1.392684 -1.342674
 -0.991641 -0.977252 -3.028513 -1.588160
 -1.548350 -1.708692 -1.442990 -0.994041
 -0.923166 -1.651400 -2.211011 -1.199418
 -1.494508 -1.553348 -1.412270 -1.137833
 -1.411612 -0.870482 -2.877941 -1.268512
 -1.252763 -1.475906 -1.645805 -1.228071
 -1.146815 -1.223776 -1.803591 -1.498212
 -1.688949 -1.472727 -1.445328 -1.048913
 -1.191703 -1.055128 -2.825824 -1.241714
 -1.143349 -1.519825 -1.742968 -1.246533
 -1.133705 -1.421386 -1.980998 -1.207812
 -1.856296 -1.290984 -1.386294 -1.143349
 -1.339148 -1.239064 -2.491822 -1.006443
 -1.020141 -1.623136 -1.945908 -1.206243
 -1.644122 -1.181501 -1.704746 -1.145133
 -1.720299 -1.303407 -1.621860 -1.044546
 -1.256420 -1.336462 -2.617389 -0.968738
 -1.521839 -1.344909 -1.659989 -1.105680
 -1.303407 -1.098614 -2.784996 -1.098614
 -1.738270 -1.291984 -1.515127 -1.109663
 -1.236763 -1.729238 -1.684786 -1.059082
 -1.226446 -1.609437 -1.576648 -1.203973
 -1.573505 -1.315677 -1.634129 -1.110883
 -1.929908 -1.699385 -1.182696 -1.006240
 -1.684786 -1.323774 -2.740831 -0.725939
 -1.504077 -2.043071 -1.504077 -0.853491
 -1.666132 -1.206601 -1.953813 -0.994041
 -2.436893 -1.448286 -1.317666 -0.891999
 -13.676253 -0.307028 -1.330414 -13.676253
 -14.062374 -0.433192 -1.045369 -14.062374
 -13.805464 -0.436239 -1.039773 -13.805464
 -14.639688 -0.617162 -0.775386 -14.639688
 -1.386294 -1.386294 -1.386294 -1.386294
 -0.000001 -15.021482 -15.021482 -15.021482
 -0.000002 -14.547880 -14.547880 -14.547880
 -1.386294 -1.386294 -1.386294 -1.386294
 -15.505608 -0.000001 -15.505608 -15.505608
 -1.386294 -1.386294 -1.386294 -1.386294
 -1.386294 -1.386294 -1.386294 -1.386294
 -1.386294 -1.386294 -1.386294 -1.386294
 -1.386294 -1.386294 -1.386294 -1.386294
 -0.000001 -15.505608 -15.505608 -15.505608
 -1.386294 -1.386294 -1.386294 -1.386294
 -1.386294 -1.386294 -1.386294 -1.386294
 -15.505608 -15.505608 -0.000001 -15.505608
 -1.386294 -1.386294 -1.386294 -1.386294
 -1.386294 -1.386294 -1.386294 -1.386294
 -1.386294 -1.386294 -1.386294 -1.386294
 -1.386294 -1.386294 -1.386294 -1.386294
 -1.386294 -1.386294 -1.386294 -1.386294
 -1.325453 -1.420069 -1.165367 -1.710298
 -1.386294 -1.386294 -1.386294 -1.386294
 -1.443453 -1.386294 -1.535826 -1.208614
 -1.319849 -1.409461 -1.739702 -1.161626
 -1.368699 -1.217876 -1.664162 -1.345709
 -2.020015 -1.289131 -1.183771 -1.252763
 -1.217396 -1.190728 -1.995098 -1.331806
 -1.393215 -1.170072 -1.680896 -1.365816
 -1.170072 -1.142673 -1.980999 -1.457753
 -1.754018 -1.312187 -1.494508 -1.098613
 -1.339626 0.000100 0.000100 0.000100
 -1.274926 0.000100 0.000100 0.000100
 -1.411584 0.000100 0.000100 0.000100
 -1.537824 0.000100 0.000100 0.000100
 -1.332827 -1.391489 -1.340717 -1.487633
 -1.224747 -1.441712 -1.481507 -1.417370
 -1.185219 -1.300955 -1.445945 -1.679187
 -1.707595 -1.220748 -1.235851 -1.456280
 -1.289587 -1.405974 -1.389376 -1.468562
 -1.200339 -1.357084 -1.613607 -1.417456
 -1.230913 -1.218081 -1.514912 -1.648443
 -1.688109 -1.240634 -1.288159 -1.385684
 -1.276761 -1.445645 -1.340934 -1.496710
 -1.201971 -1.343150 -1.444042 -1.597486
 -1.234708 -1.273214 -1.389190 -1.715505
 -1.785832 -1.209139 -1.309642 -1.331914
 -1.326035 -1.523678 -1.234809 -1.488669
 -1.225707 -1.445397 -1.434678 -1.458412
 -1.178789 -1.310583 -1.471702 -1.644281
 -1.839174 -1.219529 -1.243110 -1.357915
 -1.327632 -1.380064 -1.382136 -1.459762
 -1.226250 -1.393304 -1.493388 -1.453523
 -1.270886 -1.287724 -1.395183 -1.631012
 -1.900728 -1.225818 -1.273995 -1.282616
 -1.401053 -1.320671 -1.416591 -1.409902
 -1.207714 -1.388333 -1.544868 -1.434270
 -1.303999 -1.210509 -1.429562 -1.654976
 -1.869768 -1.154232 -1.279887 -1.376454
 -1.337662 -1.465783 -1.312661 -1.437413
 -1.253245 -1.477657 -1.430176 -1.398427
 -1.173626 -1.347289 -1.493212 -1.579091
 -1.891657 -1.190758 -1.230134 -1.374626
 -1.307853 -1.431571 -1.366753 -1.445054
 -1.201483 -1.425515 -1.545801 -1.403536
 -1.247990 -1.262915 -1.443734 -1.639661
 -1.841239 -1.170071 -1.283696 -1.370331
 -1.347808 -1.372603 -1.366346 -1.462280
 -1.229681 -1.359252 -1.456739 -1.524332
 -1.325507 -1.200098 -1.445118 -1.622276
 -1.875319 -1.142878 -1.329982 -1.334416
 -1.286817 -1.485708 -1.327723 -1.459169
 -1.242679 -1.417670 -1.425670 -1.475062
 -1.171663 -1.276431 -1.402384 -1.801160
 -1.815974 -1.260568 -1.235567 -1.335001
 -1.386294 -1.357721 -1.388367 -1.413578
 -1.231842 -1.340832 -1.507519 -1.490950
 -1.219804 -1.250410 -1.516988 -1.614687
 -1.800364 -1.166338 -1.291763 -1.392433
 -1.243443 -1.512136 -1.338754 -1.474036
 -1.153820 -1.450833 -1.438410 -1.546977
 -1.353486 -1.253611 -1.314855 -1.673035
 -1.836752 -1.162438 -1.296512 -1.368616
 -1.252240 -1.493402 -1.336258 -1.484121
 -1.183216 -1.379557 -1.445750 -1.577706
 -1.133760 -1.398403 -1.367118 -1.735299
 -1.871186 -1.233552 -1.212631 -1.357166
 -1.314904 -1.410587 -1.398367 -1.425035
 -1.220981 -1.292845 -1.611054 -1.465799
 -1.252763 -1.222322 -1.527200 -1.596534
 -1.846879 -1.149740 -1.256872 -1.422919
 -1.323083 -1.432436 -1.333093 -1.464041
 -1.207365 -1.381950 -1.551635 -1.435375
 -1.271978 -1.221817 -1.486924 -1.614642
 -1.867057 -1.160538 -1.290012 -1.359313
 -1.270061 -1.580910 -1.275802 -1.451619
 -1.149198 -1.438979 -1.403887 -1.607944
 -1.089713 -1.435532 -1.440238 -1.666925
 -1.734210 -1.278006 -1.263376 -1.338762
 -1.327468 -1.316559 -1.453972 -1.456049
 -1.301937 -1.235312 -1.607169 -1.440551
 -1.235722 -1.210942 -1.473306 -1.702147
 -1.698915 -1.136898 -1.406196 -1.381380
 -1.289584 -1.423667 -1.428092 -1.410509
 -1.189253 -1.315635 -1.545711 -1.541372
 -1.238225 -1.217816 -1.474339 -1.685801
 -1.759671 -1.143064 -1.314086 -1.425708
 -1.348459 -1.564204 -1.250452 -1.407599
 -1.137308 -1.649145 -1.460515 -1.366539
 -1.138500 -1.413693 -1.472104 -1.574962
 -1.722398 -1.293163 -1.260157 -1.334265
 -1.362718 -1.319026 -1.540776 -1.337788
 -1.346430 -1.417889 -1.530132 -1.269043
 -1.291224 -1.183946 -1.494885 -1.636178
 -1.833420 -1.268822 -1.231745 -1.319801
 -16.681704 -0.795540 -0.600272 -16.681704
 -16.824160 -0.757357 -0.632813 -16.824160
 -16.671982 -0.690851 -0.695449 -16.671982
 -16.730576 -0.631662 -0.758662 -16.730576
 -1.386294 -1.386294 -1.386294 -1.386294
 0.000000 -17.397919 -17.397919 -17.397919
 0.000000 -17.445702 -17.445702 -17.445702
 -1.386294 -1.386294 -1.386294 -1.386294
 -18.115242 0.000000 -18.115242 -18.115242
 -1.386294 -1.386294 -1.386294 -1.386294
 -1.386294 -1.386294 -1.386294 -1.386294
 -1.386294 -1.386294 -1.386294 -1.386294
 -1.386294 -1.386294 -1.386294 -1.386294
 0.000000 -18.115242 -18.115242 -18.115242
 -1.386294 -1.386294 -1.386294 -1.386294
 -1.386294 -1.386294 -1.386294 -1.386294
 -18.115242 -18.115242 0.000000 -18.115242
 -1.386294 -1.386294 -1.386294 -1.386294
 -1.386294 -1.386294 -1.386294 -1.386294
 -1.386294 -1.386294 -1.386294 -1.386294
 -1.386294 -1.386294 -1.386294 -1.386294
 -1.386294 -1.386294 -1.386294 -1.386294
 -1.325734 -1.030923 -1.649310 -1.684528
 -1.386294 -1.386294 -1.386294 -1.386294
 -1.283902 -1.390904 -1.354610 -1.531796
 -1.219826 -1.354831 -1.610580 -1.398546
 -1.336697 -1.113554 -1.613684 -1.561859
 -1.760788 -1.095690 -1.331496 -1.470981
 -1.252763 -1.551414 -1.409949 -1.354091
 -1.158848 -1.570438 -1.492880 -1.372494
 -1.187963 -1.360917 -1.490129 -1.544638
 -1.775844 -1.332509 -1.225798 -1.297107
