 -1.193056 0.000100 0.000100 0.000100
 -1.498030 0.000100 0.000100 0.000100
 -1.529528 0.000100 0.000100 0.000100
 -1.360630 0.000100 0.000100 0.000100
 -1.293585 -1.501224 -1.475906 -1.293585
 -1.146241 -1.768769 -1.458615 -1.276294
 -1.272966 -1.362578 -1.737270 -1.244795
 -1.701374 -1.259543 -1.596014 -1.105393
 -1.279611 -1.649983 -1.759182 -1.028297
 -1.439539 -1.769779 -1.267689 -1.167606
 -1.370034 -1.338285 -1.585145 -1.277661
 -1.695911 -1.392229 -1.140915 -1.392229
 -0.980830 -1.545359 -2.022280 -1.275069
 -1.172721 -1.504077 -2.003066 -1.098613
 -1.379326 -1.201645 -1.561647 -1.436484
 -1.483933 -1.235472 -1.592146 -1.276294
 -1.098613 -1.321756 -2.014901 -1.321756
 -0.967585 -2.120261 -1.875139 -1.059392
 -1.139435 -1.049823 -1.897117 -1.714797
 -1.195776 -1.755391 -1.303407 -1.374024
 -1.350667 -1.119556 -2.084634 -1.237339
 -1.139435 -1.570217 -2.055722 -1.067114
 -1.178656 -1.210404 -1.599868 -1.648657
 -1.073134 -1.711220 -1.282225 -1.609437
 -1.053913 -1.336145 -1.945908 -1.403586
 -1.333651 -1.701374 -2.106838 -0.838330
 -1.210404 -1.033474 -1.871800 -1.648657
 -1.576648 -1.832580 -1.321756 -1.003303
 -1.237449 -1.027154 -2.254380 -1.398717
 -1.463852 -1.678963 -1.953399 -0.820304
 -1.039773 -1.227825 -2.030167 -1.504077
 -1.215023 -1.770018 -1.215023 -1.442806
 -1.166751 -1.129010 -1.899116 -1.534474
 -1.249273 -1.918320 -1.871800 -0.885308
 -1.079382 -0.945851 -2.332138 -1.744356
 -1.168041 -1.880989 -1.436305 -1.208046
 -1.076513 -0.967879 -2.789484 -1.523824
 -1.507655 -1.850598 -2.169050 -0.678964
 -1.428854 -0.850778 -2.166448 -1.519825
 -1.258955 -1.720299 -1.117305 -1.561235
 -1.130161 -0.861898 -2.442342 -1.785566
 -1.290984 -2.030649 -2.510219 -0.668456
 -0.873275 -1.291984 -2.431410 -1.515127
 -1.116962 -2.061421 -1.277304 -1.321756
 -1.077559 -1.002336 -2.751529 -1.475242
 -1.769779 -2.266213 -2.340321 -0.462625
 -0.810932 -1.027155 -2.448529 -2.197218
 -1.075755 -1.857453 -1.369102 -1.392092
 -1.029620 -0.955512 -2.564944 -1.707498
 -1.676376 -1.843430 -2.161882 -0.616987
 -0.896748 -1.335001 -1.932834 -1.691674
 -0.973450 -1.934859 -1.504077 -1.364316
 -0.970359 -1.027517 -2.607962 -1.663504
 -1.289668 -2.154662 -2.154662 -0.707747
 -0.839103 -1.258955 -2.448529 -1.621859
 -1.134981 -1.689976 -1.317302 -1.486378
 -1.134422 -0.962572 -2.520712 -1.532104
 -1.166054 -1.631416 -2.154662 -0.976011
 -0.972734 -1.516347 -2.209488 -1.228666
 -1.170775 -1.695298 -1.349023 -1.399033
 -1.242125 -1.011602 -2.666154 -1.279865
 -1.347074 -1.297063 -1.875139 -1.160488
 -1.228666 -1.315677 -2.104129 -1.148624
 -1.843718 -1.451677 -1.596859 -0.903713
 -1.490091 -1.064008 -2.065453 -1.194627
 -1.362764 -1.568615 -1.905087 -0.949578
 -1.178656 -1.137834 -2.159478 -1.360977
 -1.909541 -1.271455 -1.658227 -0.965082
 -1.378451 -1.082988 -1.899746 -1.347680
 -1.098613 -1.755391 -1.720299 -1.155771
 -1.386294 -1.432814 -1.992426 -0.980831
 -1.609437 -1.537117 -1.406497 -1.078810
 -1.333651 -1.126012 -2.512300 -1.105393
 -1.686398 -1.013455 -2.340321 -1.034075
 -1.472472 -1.225613 -1.800974 -1.164988
 -1.636836 -1.195005 -1.723847 -1.126012
 -1.244795 -1.164753 -2.882392 -1.067114
 -1.531476 -1.370208 -1.636836 -1.093222
 -1.497519 -1.111859 -2.384814 -1.034898
 -2.256538 -1.263290 -1.588711 -0.895565
 -1.360092 -1.682864 -2.329487 -0.776146
 -1.704747 -1.550597 -1.847848 -0.801881
 -1.655422 -1.353142 -2.186046 -0.825077
 -1.709521 -1.658228 -1.455287 -0.928268
 -13.946543 -0.000003 -13.946543 -13.946543
 -13.989468 -0.000003 -13.989468 -13.989468
 -13.774693 -0.000003 -13.774693 -13.774693
 -14.723771 -0.000001 -14.723771 -14.723771
 -1.386294 -1.386294 -1.386294 -1.386294
 -15.568183 -1.314417 -0.657399 -1.545658
 -1.386294 -1.386294 -1.386294 -1.386294
 -1.386294 -1.386294 -1.386294 -1.386294
 -1.386294 -1.386294 -1.386294 -1.386294
 -14.253768 -0.000002 -14.253768 -14.253768
 -14.910785 -0.000001 -14.910785 -14.910785
 -14.022528 -0.000002 -14.022528 -14.022528
 -1.386294 -1.386294 -1.386294 -1.386294
 -0.000001 -15.568184 -15.568184 -15.568184
 -1.386294 -1.386294 -1.386294 -1.386294
 -1.386294 -1.386294 -1.386294 -1.386294
 -15.568183 -15.568183 -0.000001 -15.568183
 -1.386294 -1.386294 -1.386294 -1.386294
 -1.386294 -1.386294 -1.386294 -1.386294
 -1.386294 -1.386294 -1.386294 -1.386294
 -1.386294 -1.386294 -1.386294 -1.386294
 -1.386294 -1.386294 -1.386294 -1.386294
 -1.193056 -1.490308 -1.288938 -1.630454
 -1.386294 -1.386294 -1.386294 -1.386294
 -1.699049 -1.293585 -1.797489 -0.975132
 -1.500238 -0.996334 -1.871800 -1.371027
 -1.355332 -1.197704 -2.235687 -1.098613
 -1.782947 -1.143870 -1.326191 -1.395183
 -1.463586 -0.903972 -2.230837 -1.361803
 -1.185624 -1.479385 -1.637608 -1.301137
 -1.428854 -0.980831 -1.856295 -1.473305
 -1.529395 -1.408767 -1.301137 -1.321756
 -1.347492 0.000100 0.000100 0.000100
 -1.248575 0.000100 0.000100 0.000100
 -1.502649 0.000100 0.000100 0.000100
 -1.466829 0.000100 0.000100 0.000100
 -1.377110 -1.407091 -1.243052 -1.540208
 -1.282285 -1.316466 -1.529469 -1.436049
 -1.307049 -1.226182 -1.395035 -1.670529
 -1.879025 -1.151148 -1.217796 -1.447719
 -1.308524 -1.362434 -1.394376 -1.488296
 -1.217181 -1.380687 -1.468655 -1.503747
 -1.222431 -1.228459 -1.460103 -1.711853
 -1.773486 -1.165333 -1.271590 -1.435252
 -1.241198 -1.356089 -1.485914 -1.482804
 -1.227249 -1.317679 -1.529062 -1.503244
 -1.245295 -1.185896 -1.493823 -1.702876
 -1.771027 -1.152181 -1.392728 -1.326148
 -1.328322 -1.416412 -1.328322 -1.480279
 -1.298312 -1.446352 -1.403277 -1.403277
 -1.268871 -1.230758 -1.444596 -1.655804
 -1.853160 -1.149514 -1.287906 -1.383816
 -1.315609 -1.368516 -1.389288 -1.478619
 -1.280109 -1.300085 -1.514440 -1.471620
 -1.242519 -1.258924 -1.453534 -1.641746
 -1.786550 -1.210287 -1.264279 -1.378690
 -1.296734 -1.391778 -1.438298 -1.424568
 -1.243149 -1.338806 -1.567684 -1.423625
 -1.291909 -1.185453 -1.506527 -1.619652
 -1.852128 -1.027083 -1.403233 -1.430262
 -1.420967 -1.405906 -1.298306 -1.425530
 -1.297489 -1.348660 -1.490071 -1.419486
 -1.265003 -1.196968 -1.443882 -1.716783
 -1.894316 -1.167090 -1.202503 -1.436048
 -1.358895 -1.395597 -1.363410 -1.428854
 -1.188256 -1.442691 -1.428724 -1.517123
 -1.246860 -1.246860 -1.410628 -1.708163
 -1.850045 -1.128799 -1.244851 -1.463761
 -1.244494 -1.434363 -1.420819 -1.460458
 -1.228468 -1.320654 -1.508838 -1.518083
 -1.233640 -1.197140 -1.505341 -1.688639
 -1.850368 -1.173570 -1.352053 -1.291525
 -1.399775 -1.359181 -1.261256 -1.545626
 -1.320760 -1.272207 -1.465010 -1.506071
 -1.343604 -1.181311 -1.441628 -1.631286
 -1.982944 -1.161845 -1.172343 -1.428002
 -1.299549 -1.435803 -1.345999 -1.473415
 -1.193346 -1.371027 -1.471908 -1.544299
 -1.272716 -1.213341 -1.443864 -1.678181
 -1.913367 -1.130936 -1.233235 -1.434067
 -1.252403 -1.431204 -1.437247 -1.437247
 -1.192590 -1.331473 -1.565088 -1.498756
 -1.176277 -1.277424 -1.518466 -1.641068
 -1.823950 -1.186714 -1.365955 -1.279223
 -1.307068 -1.437894 -1.314682 -1.498789
 -1.279570 -1.352074 -1.466565 -1.459195
 -1.269632 -1.244134 -1.434601 -1.646806
 -1.944317 -1.130605 -1.229131 -1.420760
 -1.281535 -1.350141 -1.439527 -1.486575
 -1.234787 -1.305348 -1.500389 -1.537203
 -1.283378 -1.218192 -1.428074 -1.674695
 -1.784343 -1.130121 -1.324551 -1.413969
 -1.234251 -1.394593 -1.487154 -1.448177
 -1.192859 -1.255345 -1.704748 -1.470321
 -1.203717 -1.177217 -1.546604 -1.721386
 -1.890903 -1.099889 -1.426196 -1.287589
 -1.363021 -1.389068 -1.293758 -1.511550
 -1.360059 -1.326117 -1.399033 -1.465283
 -1.287962 -1.202389 -1.498258 -1.608574
 -1.863577 -1.173030 -1.268601 -1.369514
 -1.311798 -1.429581 -1.350038 -1.460911
 -1.252101 -1.392268 -1.512384 -1.405674
 -1.269588 -1.206488 -1.437456 -1.702240
 -1.941855 -1.132500 -1.216649 -1.435003
 -1.246839 -1.406171 -1.554531 -1.361719
 -1.223308 -1.224444 -1.758259 -1.429290
 -1.273910 -1.115270 -1.711378 -1.552014
 -1.896572 -1.071436 -1.463190 -1.287700
 -1.376992 -1.567897 -1.182166 -1.458579
 -1.285599 -1.523243 -1.388133 -1.362693
 -1.218091 -1.342412 -1.440050 -1.579516
 -1.870485 -1.243018 -1.276199 -1.278902
 -1.469364 -1.449851 -1.210416 -1.438642
 -1.482905 -1.487968 -1.406754 -1.196486
 -1.438382 -1.266228 -1.323816 -1.538618
 -1.804990 -1.255207 -1.177904 -1.416409
 -16.965250 0.000000 -16.965250 -16.965250
 -17.145212 0.000000 -17.145212 -17.145212
 -17.225338 0.000000 -17.225338 -17.225338
 -17.108009 0.000000 -17.108009 -17.108009
 -1.386294 -1.386294 -1.386294 -1.386294
 -18.501616 -1.083056 -1.107040 -1.105925
 -1.386294 -1.386294 -1.386294 -1.386294
 -1.386294 -1.386294 -1.386294 -1.386294
 -1.386294 -1.386294 -1.386294 -1.386294
 -17.418560 0.000000 -17.418560 -17.418560
 -17.394575 0.000000 -17.394575 -17.394575
 -17.395691 0.000000 -17.395691 -17.395691
 -1.386294 -1.386294 -1.386294 -1.386294
 0.000000 -18.501616 -18.501616 -18.501616
 -1.386294 -1.386294 -1.386294 -1.386294
 -1.386294 -1.386294 -1.386294 -1.386294
 -18.501616 -18.501616 0.000000 -18.501616
 -1.386294 -1.386294 -1.386294 -1.386294
 -1.386294 -1.386294 -1.386294 -1.386294
 -1.386294 -1.386294 -1.386294 -1.386294
 -1.386294 -1.386294 -1.386294 -1.386294
 -1.386294 -1.386294 -1.386294 -1.386294
 -1.307835 -1.035447 -1.638729 -1.713129
 -1.386294 -1.386294 -1.386294 -1.386294
 -1.286406 -1.389027 -1.389027 -1.491200
 -1.200516 -1.337133 -1.672419 -1.392025
 -1.183295 -1.133399 -1.683838 -1.681284
 -1.700410 -1.130840 -1.502800 -1.301502
 -1.318312 -1.445574 -1.271620 -1.530509
 -1.298191 -1.476439 -1.391223 -1.387278
 -1.330014 -1.245770 -1.425655 -1.572835
 -1.853861 -1.218907 -1.232312 -1.361803
