 -1.260254 0.000100 0.000100 0.000100
 -1.333013 0.000100 0.000100 0.000100
 -1.565635 0.000100 0.000100 0.000100
 -1.411485 0.000100 0.000100 0.000100
 -1.125281 -1.270463 -1.517322 -1.740465
 -1.166932 -1.955386 -1.773066 -0.974561
 -1.295323 -1.029621 -1.658227 -1.722765
 -1.640527 -1.694594 -1.119233 -1.217672
 -1.107582 -1.284512 -1.945907 -1.386294
 -1.609437 -1.335001 -1.914817 -0.942960
 -1.419817 -1.143565 -1.802807 -1.291984
 -1.312187 -1.508896 -1.312187 -1.425515
 -1.025854 -1.367602 -1.667706 -1.618916
 -1.098613 -1.737691 -1.737691 -1.155771
 -1.032364 -1.400088 -1.294728 -2.093229
 -1.343735 -1.412727 -1.566878 -1.248425
 -1.229949 -1.178656 -1.823010 -1.433547
 -1.225952 -1.882728 -1.430746 -1.154494
 -1.199966 -0.922335 -1.933930 -1.853888
 -1.483668 -1.207416 -1.316615 -1.578978
 -1.192139 -1.054938 -1.945907 -1.583004
 -1.495493 -1.618095 -1.457753 -1.064712
 -1.062246 -1.504077 -1.303407 -1.829497
 -1.313724 -1.642226 -1.354546 -1.274503
 -1.261652 -1.063827 -2.242476 -1.326191
 -1.001450 -2.187067 -1.589234 -1.150981
 -1.397594 -0.851052 -1.923684 -1.716046
 -1.069626 -1.734599 -1.223776 -1.680533
 -1.139435 -1.190728 -2.055722 -1.394326
 -1.367602 -2.265538 -1.890848 -0.712197
 -1.059393 -1.373049 -1.609437 -1.609437
 -1.163152 -1.856295 -1.386294 -1.268512
 -1.634130 -0.920365 -2.039593 -1.285824
 -1.585626 -2.221610 -1.933930 -0.612181
 -1.171638 -1.127187 -1.554629 -1.864781
 -0.999673 -1.783790 -1.427116 -1.496109
 -0.862708 -1.324052 -2.206437 -1.600305
 -1.366876 -1.852382 -2.060020 -0.774827
 -1.032364 -0.994624 -1.987870 -1.987870
 -1.336698 -1.512588 -1.244325 -1.474847
 -1.222227 -0.967993 -2.294858 -1.492516
 -1.640527 -2.187067 -2.187067 -0.541919
 -0.866813 -0.976012 -3.135467 -1.836208
 -1.296144 -1.890848 -1.229452 -1.262242
 -1.007264 -1.107347 -2.179979 -1.653889
 -1.680533 -2.140062 -1.791758 -0.635991
 -1.015923 -1.015923 -2.114525 -1.863214
 -1.015547 -1.206601 -1.625310 -1.953813
 -0.960211 -1.114361 -2.772579 -1.484734
 -1.290151 -2.206437 -2.388756 -0.648299
 -1.182697 -1.236763 -1.729236 -1.488076
 -1.079382 -1.862138 -1.200742 -1.590206
 -0.978327 -1.176778 -2.944428 -1.335001
 -1.219241 -2.531417 -1.644122 -0.839753
 -0.660361 -1.455287 -2.484893 -1.791756
 -1.428495 -1.851350 -1.106912 -1.299283
 -1.301737 -0.923672 -3.120882 -1.249094
 -1.450010 -1.909539 -1.450010 -0.960464
 -0.938272 -1.238375 -1.836208 -1.836208
 -1.575536 -1.457753 -1.227230 -1.319603
 -1.117482 -0.935161 -3.063375 -1.453953
 -1.116471 -2.019335 -1.731654 -1.013817
 -1.113002 -1.763586 -2.302577 -0.916293
 -1.540444 -1.627455 -1.284512 -1.163152
 -1.345136 -1.065552 -2.581891 -1.141538
 -1.109663 -1.738269 -1.677645 -1.178656
 -1.370546 -1.252764 -1.840546 -1.198697
 -1.815288 -1.527607 -1.681758 -0.834462
 -1.289131 -1.289131 -2.282377 -1.058608
 -1.138222 -1.590206 -1.744356 -1.200742
 -1.149907 -1.455287 -1.791756 -1.261132
 -1.857716 -1.285198 -1.483024 -1.077560
 -1.213924 -1.437066 -2.050167 -1.088761
 -1.181134 -1.670680 -1.670680 -1.149385
 -1.304057 -1.475906 -1.850597 -1.070443
 -2.159481 -1.203973 -1.284016 -1.178656
 -1.418383 -1.781286 -1.781286 -0.864999
 -1.493925 -1.366092 -1.493925 -1.217672
 -1.730388 -1.233954 -1.536234 -1.150573
 -1.923093 -1.535329 -1.178656 -1.106335
 -1.178656 -1.412270 -1.958809 -1.178656
 -0.858229 -1.526056 -1.577349 -1.882728
 -1.221673 -1.057371 -1.781286 -1.663504
 -1.975540 -0.859539 -1.135792 -2.147389
 -0.000003 -13.910825 -13.910825 -13.910825
 -0.000002 -14.077878 -14.077878 -14.077878
 -0.000003 -13.710155 -13.710155 -13.710155
 -0.000004 -13.487012 -13.487012 -13.487012
 -0.000001 -15.206794 -15.206794 -15.206794
 -1.386294 -1.386294 -1.386294 -1.386294
 -1.386294 -1.386294 -1.386294 -1.386294
 -1.386294 -1.386294 -1.386294 -1.386294
 -15.206794 -0.000001 -15.206794 -15.206794
 -1.386294 -1.386294 -1.386294 -1.386294
 -1.386294 -1.386294 -1.386294 -1.386294
 -1.386294 -1.386294 -1.386294 -1.386294
 -1.386294 -1.386294 -1.386294 -1.386294
 -0.000001 -15.206794 -15.206794 -15.206794
 -1.386294 -1.386294 -1.386294 -1.386294
 -1.386294 -1.386294 -1.386294 -1.386294
 -15.206794 -15.206794 -0.000001 -15.206794
 -1.386294 -1.386294 -1.386294 -1.386294
 -1.386294 -1.386294 -1.386294 -1.386294
 -1.386294 -1.386294 -1.386294 -1.386294
 -1.386294 -1.386294 -1.386294 -1.386294
 -1.386294 -1.386294 -1.386294 -1.386294
 -1.251520 -1.565635 -1.128918 -1.705992
 -1.386294 -1.386294 -1.386294 -1.386294
 -1.279197 -1.486835 -1.749198 -1.134015
 -1.791757 -1.063522 -3.044502 -0.819901
 -0.996334 -1.571697 -1.871800 -1.312187
 -1.457246 -1.651400 -1.199418 -1.294728
 -1.098613 -1.377326 -1.936939 -1.308333
 -1.098613 -1.673975 -1.673975 -1.232144
 -1.356441 -1.098614 -1.145134 -2.397885
 -1.815288 -1.196251 -1.425825 -1.222227
 -1.209996 0.000100 0.000100 0.000100
 -1.354277 0.000100 0.000100 0.000100
 -1.493778 0.000100 0.000100 0.000100
 -1.518022 0.000100 0.000100 0.000100
 -1.194103 -1.466037 -1.390813 -1.526417
 -1.268511 -1.377996 -1.450833 -1.459762
 -1.255161 -1.429114 -1.352153 -1.528935
 -1.941014 -1.127239 -1.222549 -1.435330
 -1.322797 -1.391511 -1.399914 -1.434252
 -1.213023 -1.400954 -1.457368 -1.498376
 -1.452157 -1.124011 -1.391533 -1.648867
 -1.804957 -1.214758 -1.320565 -1.302865
 -1.257753 -1.408667 -1.426932 -1.464495
 -1.102481 -1.496385 -1.549495 -1.462484
 -1.229207 -1.282452 -1.509509 -1.564939
 -1.734990 -1.234818 -1.354108 -1.292685
 -1.232423 -1.504567 -1.361172 -1.469931
 -1.219401 -1.466685 -1.480353 -1.401016
 -1.245827 -1.217992 -1.491397 -1.653310
 -1.827747 -1.208163 -1.239173 -1.382879
 -1.264168 -1.363867 -1.336033 -1.614606
 -1.292398 -1.370870 -1.506152 -1.387331
 -1.173550 -1.295698 -1.481174 -1.662548
 -1.721832 -1.142799 -1.363199 -1.400412
 -1.133959 -1.461582 -1.488369 -1.511253
 -1.128465 -1.434496 -1.634253 -1.414129
 -1.071183 -1.341697 -1.570174 -1.671384
 -1.850710 -1.221586 -1.238253 -1.353937
 -1.175426 -1.531245 -1.348212 -1.535528
 -1.229282 -1.393714 -1.410881 -1.535179
 -1.292599 -1.258698 -1.387478 -1.651740
 -1.574551 -1.341174 -1.354842 -1.296919
 -1.388261 -1.262635 -1.372636 -1.541100
 -1.189738 -1.410235 -1.507308 -1.469209
 -1.241141 -1.244824 -1.421993 -1.705279
 -1.823586 -1.126714 -1.327798 -1.388707
 -1.246948 -1.492480 -1.381006 -1.441895
 -1.058663 -1.439835 -1.549650 -1.590658
 -1.077971 -1.342272 -1.562269 -1.667048
 -1.720300 -1.285388 -1.220571 -1.388767
 -1.272181 -1.462377 -1.288656 -1.549029
 -1.230290 -1.448815 -1.399366 -1.486378
 -1.247167 -1.307548 -1.398717 -1.633289
 -1.709068 -1.138819 -1.319603 -1.463058
 -1.397594 -1.401735 -1.244625 -1.520556
 -1.309982 -1.406056 -1.368938 -1.466680
 -1.308643 -1.206737 -1.448214 -1.631417
 -1.739595 -1.327063 -1.237316 -1.313076
 -1.185022 -1.466705 -1.481163 -1.443063
 -1.095559 -1.517934 -1.527280 -1.472472
 -1.131503 -1.290892 -1.568818 -1.639199
 -1.733020 -1.290230 -1.223538 -1.370991
 -1.271104 -1.535796 -1.222472 -1.562113
 -1.191125 -1.495494 -1.386294 -1.505155
 -1.250475 -1.282998 -1.401297 -1.659948
 -1.819355 -1.246275 -1.225908 -1.359439
 -1.332119 -1.264168 -1.492801 -1.474619
 -1.204695 -1.268031 -1.571217 -1.555712
 -1.309223 -1.159793 -1.425634 -1.736912
 -1.767486 -1.196629 -1.359626 -1.308333
 -1.188225 -1.508851 -1.457557 -1.421839
 -1.057535 -1.615839 -1.540749 -1.428180
 -1.128044 -1.282792 -1.512231 -1.722302
 -1.712755 -1.375312 -1.218391 -1.305025
 -1.120774 -1.637217 -1.271662 -1.614015
 -1.245337 -1.414203 -1.652795 -1.281852
 -1.257288 -1.310253 -1.352995 -1.674729
 -1.707639 -1.343350 -1.258553 -1.295825
 -1.460781 -1.289823 -1.341116 -1.465027
 -1.230540 -1.234393 -1.502954 -1.637930
 -1.227788 -1.148299 -1.537289 -1.743421
 -1.862575 -1.080242 -1.357737 -1.394439
 -1.227748 -1.449952 -1.528041 -1.364507
 -1.006758 -1.426822 -1.590207 -1.657346
 -1.104246 -1.257832 -1.502954 -1.821408
 -1.533700 -1.417225 -1.312912 -1.298860
 -1.313060 -1.517707 -1.185227 -1.579328
 -1.341047 -1.378788 -1.366049 -1.463471
 -1.379160 -1.114247 -1.374432 -1.789375
 -1.723510 -1.263978 -1.171863 -1.472968
 -1.311871 -1.101929 -1.263862 -2.155078
 -1.264471 -1.143110 -1.346607 -1.975701
 -1.225493 -0.981783 -1.303104 -2.812457
 -2.000192 -0.765275 -1.265081 -2.143292
 -0.000000 -16.051956 -16.051956 -16.051956
 -0.000000 -16.432907 -16.432907 -16.432907
 -0.000000 -16.134953 -16.134953 -16.134953
 -0.000001 -15.191755 -15.191755 -15.191755
 0.000000 -17.431551 -17.431551 -17.431551
 -1.386294 -1.386294 -1.386294 -1.386294
 -1.386294 -1.386294 -1.386294 -1.386294
 -1.386294 -1.386294 -1.386294 -1.386294
 -17.431551 0.000000 -17.431551 -17.431551
 -1.386294 -1.386294 -1.386294 -1.386294
 -1.386294 -1.386294 -1.386294 -1.386294
 -1.386294 -1.386294 -1.386294 -1.386294
 -1.386294 -1.386294 -1.386294 -1.386294
 0.000000 -17.431551 -17.431551 -17.431551
 -1.386294 -1.386294 -1.386294 -1.386294
 -1.386294 -1.386294 -1.386294 -1.386294
 -17.431551 -17.431551 -0.000000 -17.431551
 -1.386294 -1.386294 -1.386294 -1.386294
 -1.386294 -1.386294 -1.386294 -1.386294
 -1.386294 -1.386294 -1.386294 -1.386294
 -1.386294 -1.386294 -1.386294 -1.386294
 -1.386294 -1.386294 -1.386294 -1.386294
 -1.353236 -1.032042 -1.572226 -1.727456
 -1.386294 -1.386294 -1.386294 -1.386294
 -1.121771 -1.569657 -1.443024 -1.469812
 -1.044982 -1.488724 -1.687909 -1.436595
 -1.151816 -1.219639 -1.686140 -1.592739
 -1.581099 -1.225896 -1.450329 -1.323270
 -1.220502 -1.521923 -1.358219 -1.471817
 -1.105148 -1.436388 -1.589018 -1.483126
 -1.415282 -1.225856 -1.348073 -1.590145
 -1.736905 -1.165224 -1.429805 -1.299283
