 -1.255202 0.000100 0.000100 0.000100
 -1.437524 0.000100 0.000100 0.000100
 -1.635349 0.000100 0.000100 0.000100
 -1.263786 0.000100 0.000100 0.000100
 -1.192641 -1.717651 -1.543298 -1.192641
 -1.038894 -1.689480 -1.662081 -1.302708
 -1.067841 -1.548813 -1.519825 -1.491655
 -1.733165 -1.352393 -1.335864 -1.198242
 -1.229725 -1.438480 -1.592630 -1.320697
 -1.140162 -1.681758 -1.621133 -1.215669
 -1.184135 -1.277661 -1.683125 -1.471816
 -1.486835 -1.395028 -1.327206 -1.343735
 -1.287854 -1.170072 -1.950228 -1.303603
 -1.088460 -1.614552 -1.751753 -1.235064
 -1.187166 -1.244324 -1.487270 -1.710413
 -1.525131 -1.424035 -1.332227 -1.280934
 -1.364880 -1.315284 -1.635755 -1.268031
 -1.434150 -1.652403 -1.515828 -1.048488
 -1.362197 -1.056816 -1.804028 -1.462280
 -1.485385 -1.296143 -1.331235 -1.444563
 -1.171183 -1.220780 -1.714798 -1.537117
 -1.150389 -1.950506 -1.646825 -1.053762
 -1.053913 -1.336145 -1.797489 -1.501224
 -1.368903 -1.668145 -1.125281 -1.459054
 -1.139435 -1.478410 -1.995099 -1.152013
 -1.295566 -1.576467 -1.820089 -1.028503
 -1.008843 -1.173146 -1.940399 -1.701989
 -1.257514 -1.917870 -1.344525 -1.177471
 -1.292768 -1.030405 -2.140064 -1.382380
 -1.414307 -1.509617 -1.701989 -1.039615
 -1.208614 -1.163151 -1.791758 -1.504077
 -1.236302 -1.700607 -1.357663 -1.310410
 -1.190844 -1.314076 -1.687280 -1.417617
 -1.543480 -1.704747 -1.782709 -0.829280
 -1.197284 -1.033655 -1.868451 -1.671741
 -1.338563 -1.631910 -1.338563 -1.272966
 -1.481604 -0.986909 -1.897119 -1.386294
 -1.550597 -1.920970 -2.030169 -0.673148
 -1.526056 -0.891751 -1.680206 -1.680206
 -1.106911 -1.933589 -1.226258 -1.463586
 -1.255182 -0.938270 -2.074620 -1.619146
 -1.618916 -1.860078 -2.098488 -0.647057
 -1.143349 -1.143349 -1.856296 -1.578666
 -1.070098 -1.704747 -1.345803 -1.537694
 -1.077559 -1.052867 -2.127379 -1.652923
 -1.471133 -2.084236 -1.975037 -0.678896
 -1.228071 -0.971351 -1.806147 -1.806147
 -1.219565 -1.617912 -1.309177 -1.442708
 -0.999127 -1.119755 -2.643246 -1.451112
 -1.330205 -1.903550 -1.936339 -0.815750
 -0.926763 -1.332227 -1.750936 -1.791758
 -1.175400 -1.749199 -1.412728 -1.294945
 -1.091260 -1.048242 -2.466622 -1.474984
 -1.339288 -1.704747 -1.935270 -0.887304
 -1.090831 -1.519825 -1.556193 -1.450833
 -1.155521 -1.821998 -1.382048 -1.300703
 -1.094729 -1.071740 -2.458031 -1.438202
 -1.145866 -1.609437 -1.689480 -1.212557
 -1.062508 -1.301737 -1.968214 -1.416147
 -1.292156 -1.787476 -1.174373 -1.390595
 -1.137988 -1.057019 -2.260989 -1.479290
 -1.170072 -1.529016 -1.757857 -1.202332
 -1.052703 -1.477586 -1.507438 -1.602748
 -1.562917 -1.763588 -1.142415 -1.203973
 -1.428495 -1.082219 -2.310881 -1.132229
 -1.406097 -1.556919 -1.580450 -1.084014
 -1.027154 -1.476678 -1.829498 -1.374024
 -1.834931 -1.372308 -1.266948 -1.186905
 -1.386294 -1.309333 -1.687399 -1.220780
 -1.155771 -1.637608 -1.591088 -1.248144
 -1.497520 -1.195240 -1.386294 -1.497520
 -1.544405 -1.439045 -1.328697 -1.256724
 -1.217003 -1.499235 -1.664314 -1.233532
 -1.282916 -1.547067 -1.752919 -1.088760
 -1.313724 -1.397105 -1.488077 -1.354546
 -1.761388 -1.512927 -1.266067 -1.120885
 -1.123184 -1.638996 -1.893888 -1.108369
 -1.391714 -1.126012 -1.786368 -1.349155
 -1.132514 -1.408767 -2.057461 -1.185624
 -2.087472 -1.427116 -1.331806 -0.988862
 -1.133881 -1.619388 -1.842531 -1.133881
 -1.159237 -1.556919 -1.489478 -1.386294
 -1.649983 -1.146079 -1.721442 -1.167133
 -1.725801 -1.232144 -1.417066 -1.245216
 -1.212137 -1.245473 -2.838097 -1.032551
 -1.553348 -1.348554 -1.726619 -1.047079
 -1.345709 -1.345709 -1.633391 -1.258698
 -1.762891 -1.286809 -1.584643 -1.057623
 -0.781117 -1.136151 -2.607962 -1.914818
 -0.976356 -1.000453 -1.796253 -2.411436
 -0.983378 -1.137528 -1.656321 -2.167144
 -1.711994 -0.870428 -1.449630 -1.795375
 -0.068994 -14.808764 -2.708046 -14.808764
 -0.146429 -14.917452 -1.993537 -14.917452
 -0.239232 -14.159103 -1.547562 -14.159103
 -0.272510 -13.901692 -1.433251 -13.901692
 -0.000001 -15.769957 -15.769957 -15.769957
 -1.386294 -1.386294 -1.386294 -1.386294
 -0.000003 -13.955276 -13.955276 -13.955276
 -1.386294 -1.386294 -1.386294 -1.386294
 -15.920864 -15.920864 -0.000000 -15.920864
 -1.386294 -1.386294 -1.386294 -1.386294
 -1.386294 -1.386294 -1.386294 -1.386294
 -1.386294 -1.386294 -1.386294 -1.386294
 -1.386294 -1.386294 -1.386294 -1.386294
 -1.386294 -1.386294 -1.386294 -1.386294
 -1.307846 -1.512026 -1.097395 -1.740710
 -1.386294 -1.386294 -1.386294 -1.386294
 -1.618487 -1.168571 -1.791759 -1.126012
 -1.209513 -1.534935 -1.797299 -1.138054
 -1.661884 -1.048780 -1.570077 -1.379022
 -1.791758 -1.163151 -1.280934 -1.414465
 -1.188764 -1.188764 -1.662547 -1.603707
 -1.186720 -1.423108 -1.585627 -1.390319
 -1.208046 -1.410987 -1.410987 -1.544518
 -1.791759 -1.328187 -1.221215 -1.296438
 -1.264254 0.000100 0.000100 0.000100
 -1.388837 0.000100 0.000100 0.000100
 -1.474238 0.000100 0.000100 0.000100
 -1.430323 0.000100 0.000100 0.000100
 -1.396824 -1.469038 -1.176168 -1.541718
 -1.300909 -1.347799 -1.461793 -1.443567
 -1.279740 -1.261170 -1.400453 -1.649828
 -1.898956 -1.244828 -1.171762 -1.376486
 -1.258649 -1.500426 -1.307927 -1.502615
 -1.166631 -1.537495 -1.333197 -1.560487
 -1.171663 -1.390662 -1.307412 -1.767737
 -1.731953 -1.347666 -1.096835 -1.472771
 -1.169354 -1.518347 -1.460494 -1.434489
 -1.238220 -1.441393 -1.516058 -1.370711
 -1.071145 -1.354111 -1.529956 -1.700117
 -1.768012 -1.252886 -1.353150 -1.254481
 -1.401721 -1.475062 -1.157202 -1.557329
 -1.321209 -1.327019 -1.453539 -1.451669
 -1.299744 -1.265969 -1.391556 -1.625849
 -1.901945 -1.238607 -1.176764 -1.375712
 -1.281390 -1.520857 -1.297065 -1.467541
 -1.176865 -1.522949 -1.344880 -1.545912
 -1.194936 -1.388066 -1.303771 -1.736060
 -1.736017 -1.338058 -1.106061 -1.467223
 -1.188655 -1.505055 -1.449218 -1.432923
 -1.267517 -1.442424 -1.526081 -1.329044
 -1.106329 -1.351223 -1.517154 -1.655637
 -1.799198 -1.265573 -1.339120 -1.236446
 -1.404145 -1.464139 -1.170663 -1.546535
 -1.316429 -1.344060 -1.458653 -1.433072
 -1.302759 -1.242452 -1.416451 -1.624703
 -1.915216 -1.247418 -1.156284 -1.383135
 -1.274818 -1.514449 -1.313010 -1.462832
 -1.183852 -1.507940 -1.352963 -1.541481
 -1.184682 -1.385666 -1.311850 -1.744811
 -1.737007 -1.369099 -1.099675 -1.441224
 -1.167179 -1.543819 -1.460518 -1.414380
 -1.267186 -1.420088 -1.522513 -1.352776
 -1.081493 -1.354939 -1.548674 -1.658531
 -1.783381 -1.280164 -1.342867 -1.228118
 -1.398360 -1.458238 -1.171771 -1.558106
 -1.305960 -1.348468 -1.446031 -1.452661
 -1.305808 -1.253898 -1.389989 -1.636920
 -1.898951 -1.245112 -1.178297 -1.368206
 -1.261271 -1.557690 -1.276722 -1.482215
 -1.163528 -1.524610 -1.331162 -1.581133
 -1.157814 -1.406840 -1.302386 -1.777684
 -1.740926 -1.369656 -1.063885 -1.490166
 -1.125007 -1.573613 -1.444938 -1.459750
 -1.248123 -1.437954 -1.485063 -1.390078
 -1.039295 -1.377986 -1.550310 -1.703593
 -1.795755 -1.279587 -1.332872 -1.230567
 -1.391040 -1.502764 -1.137073 -1.570636
 -1.300041 -1.334678 -1.472180 -1.448971
 -1.299563 -1.257783 -1.370832 -1.665110
 -1.913127 -1.227126 -1.184189 -1.373363
 -1.265619 -1.504506 -1.276745 -1.528482
 -1.168098 -1.519724 -1.339749 -1.568495
 -1.187370 -1.374314 -1.291469 -1.789177
 -1.738619 -1.335270 -1.091166 -1.490210
 -1.143458 -1.523608 -1.449369 -1.475595
 -1.247208 -1.419256 -1.527262 -1.371718
 -1.059024 -1.348020 -1.551606 -1.706255
 -1.790832 -1.262270 -1.329049 -1.253728
 -1.387624 -1.518791 -1.119260 -1.585554
 -1.319933 -1.351103 -1.439922 -1.439922
 -1.295131 -1.271422 -1.360596 -1.664963
 -1.886380 -1.245098 -1.163935 -1.393470
 -1.276082 -1.542647 -1.259261 -1.499718
 -1.170509 -1.550123 -1.353154 -1.518021
 -1.193153 -1.387590 -1.294789 -1.753858
 -1.707456 -1.374785 -1.075144 -1.493742
 -1.156761 -1.530710 -1.490924 -1.410791
 -1.286407 -1.423877 -1.527528 -1.324681
 -1.078604 -1.344516 -1.546520 -1.680525
 -1.771875 -1.292945 -1.349723 -1.216678
 -1.408137 -1.489217 -1.149059 -1.546849
 -1.366421 -1.319948 -1.426077 -1.437238
 -1.313668 -1.258534 -1.379464 -1.632789
 -1.938360 -1.262604 -1.142664 -1.369729
 -1.258422 -1.554845 -1.243470 -1.531116
 -1.201995 -1.547288 -1.270910 -1.579854
 -1.158826 -1.430125 -1.260942 -1.811067
 -1.727534 -1.403147 -1.034478 -1.509394
 -1.138597 -1.529726 -1.467239 -1.458541
 -1.292857 -1.363681 -1.527833 -1.375191
 -1.037039 -1.385885 -1.516816 -1.737353
 -1.769371 -1.268886 -1.343499 -1.246588
 -1.371009 -1.303254 -1.122524 -1.903504
 -1.256964 -1.103399 -1.403385 -1.980659
 -1.273527 -1.134341 -1.341229 -1.987780
 -2.086160 -1.007830 -1.087101 -1.750805
 -0.655575 -19.609468 -0.732186 -19.609468
 -0.511822 -19.906685 -0.914798 -19.906685
 -0.549872 -19.821814 -0.860439 -19.821814
 -1.123498 -19.144745 -0.393251 -19.144745
 0.000000 -20.417650 -20.417650 -20.417650
 -1.386294 -1.386294 -1.386294 -1.386294
 0.000000 -20.286062 -20.286062 -20.286062
 -1.386294 -1.386294 -1.386294 -1.386294
 -21.047167 -21.047167 0.000000 -21.047167
 -1.386294 -1.386294 -1.386294 -1.386294
 -1.386294 -1.386294 -1.386294 -1.386294
 -1.386294 -1.386294 -1.386294 -1.386294
 -1.386294 -1.386294 -1.386294 -1.386294
 -1.386294 -1.386294 -1.386294 -1.386294
 -1.177264 -1.351235 -1.340786 -1.764229
 -1.386294 -1.386294 -1.386294 -1.386294
 -1.106271 -1.510247 -1.477725 -1.513228
 -1.262631 -1.445684 -1.606676 -1.269567
 -1.052844 -1.314100 -1.651849 -1.657344
 -1.596226 -1.241470 -1.551811 -1.215652
 -1.391978 -1.550114 -1.115029 -1.554537
 -1.316068 -1.476797 -1.358123 -1.401199
 -1.274081 -1.274452 -1.410786 -1.625687
 -1.863978 -1.336928 -1.135220 -1.343455
