 -1.157995 0.000100 0.000100 0.000100
 -1.595617 0.000100 0.000100 0.000100
 -1.502091 0.000100 0.000100 0.000100
 -1.345393 0.000100 0.000100 0.000100
 -1.170775 -1.349023 -1.927099 -1.255933
 -1.190986 -1.734599 -1.533930 -1.190986
 -1.221992 -1.422662 -1.317302 -1.627455
 -1.409461 -1.930756 -1.348837 -1.046557
 -1.215534 -1.393215 -1.421386 -1.542746
 -1.321756 -1.518466 -1.820745 -1.043043
 -1.136001 -1.324052 -1.858132 -1.359143
 -1.185624 -1.834317 -1.306252 -1.332227
 -1.297063 -1.427116 -2.238043 -0.967585
 -1.243795 -1.531476 -1.765090 -1.126012
 -1.126784 -1.248145 -1.591088 -1.686398
 -1.260254 -1.678963 -1.260254 -1.401332
 -1.346021 -1.270035 -1.848111 -1.199417
 -1.116005 -2.268679 -1.863216 -0.882390
 -1.186582 -1.088142 -1.988924 -1.509354
 -1.487099 -1.549619 -1.245937 -1.294727
 -1.120592 -1.098613 -1.982812 -1.595049
 -1.495493 -1.709067 -1.757856 -0.861771
 -1.009001 -1.345473 -1.673975 -1.673975
 -1.341559 -1.663141 -1.292769 -1.292769
 -1.400088 -1.051782 -1.939082 -1.346021
 -1.499953 -1.499953 -2.230837 -0.806808
 -1.098613 -1.299283 -2.292529 -1.227825
 -1.454245 -1.741926 -1.158781 -1.282395
 -1.163151 -1.241113 -1.961656 -1.355523
 -1.768769 -1.563975 -1.768769 -0.799371
 -1.330414 -1.170072 -1.575535 -1.521469
 -1.025854 -2.360850 -1.431318 -1.177084
 -1.024002 -1.084627 -2.183235 -1.659989
 -1.405342 -1.527944 -1.955386 -0.925771
 -1.268512 -0.980831 -2.367117 -1.386294
 -1.043553 -2.024379 -1.284715 -1.431318
 -1.123931 -1.032123 -2.677272 -1.386294
 -1.760986 -1.961656 -1.856296 -0.632524
 -1.098614 -1.435084 -1.540444 -1.540444
 -1.137528 -1.617100 -1.474000 -1.378690
 -1.358896 -0.826680 -2.667221 -1.443453
 -1.617736 -1.962575 -2.493199 -0.547297
 -1.373716 -0.903714 -2.423528 -1.373716
 -1.218757 -2.024379 -1.156882 -1.355332
 -1.114361 -0.920206 -2.654798 -1.593933
 -1.594512 -1.754854 -2.492448 -0.613685
 -0.909820 -1.165753 -2.146575 -1.778854
 -1.154702 -1.609437 -1.417066 -1.417066
 -1.132061 -1.286211 -2.625979 -1.111858
 -1.542992 -1.656321 -1.930756 -0.797661
 -0.866813 -1.238375 -2.154658 -1.749197
 -1.085455 -2.126905 -1.353718 -1.256080
 -1.185045 -0.881860 -2.571333 -1.590509
 -1.219974 -1.820745 -2.089007 -0.869772
 -1.011603 -1.510591 -1.945906 -1.299283
 -1.271225 -1.880989 -1.315677 -1.208046
 -1.159238 -0.969996 -2.632536 -1.446919
 -1.131403 -1.929907 -1.875841 -0.970135
 -1.203974 -1.609437 -1.337505 -1.437587
 -1.582409 -1.805551 -1.199417 -1.112406
 -1.292266 -1.043805 -2.390873 -1.266948
 -1.257083 -1.920375 -1.319603 -1.198243
 -1.335001 -1.418383 -1.558144 -1.258041
 -1.714797 -1.714797 -1.272966 -1.021652
 -1.386294 -1.236763 -2.255328 -1.036093
 -1.265667 -1.626679 -1.766440 -1.048603
 -1.296144 -1.773066 -1.773066 -0.949868
 -1.958812 -1.494508 -1.312187 -1.006806
 -1.056054 -1.800491 -2.260020 -0.960744
 -1.107582 -1.673975 -1.627455 -1.252763
 -1.006240 -1.441557 -1.824547 -1.441557
 -1.625967 -1.359339 -1.654137 -1.035100
 -14.200776 -14.200776 -14.200776 -0.000002
 -13.901692 -13.901692 -13.901692 -0.000003
 -13.641162 -13.641162 -13.641162 -0.000004
 -14.304093 -14.304093 -14.304093 -0.000002
 -1.386294 -1.386294 -1.386294 -1.386294
 -1.386294 -1.386294 -1.386294 -1.386294
 -1.386294 -1.386294 -1.386294 -1.386294
 -1.709730 -1.424800 -1.322750 -1.164345
 -1.332806 -1.515127 -2.431410 -0.847300
 -1.240443 -1.617736 -1.851350 -1.034591
 -1.184268 -1.314321 -1.806796 -1.342492
 -1.878190 -1.318576 -1.590509 -0.978709
 -14.030625 -14.030625 -14.030625 -0.000002
 -14.014365 -14.014365 -14.014365 -0.000002
 -13.604795 -13.604795 -13.604795 -0.000004
 -14.380827 -14.380827 -14.380827 -0.000002
 -1.386294 -1.386294 -1.386294 -1.386294
 -1.386294 -1.386294 -1.386294 -1.386294
 -1.386294 -1.386294 -1.386294 -1.386294
 -1.376403 -1.458416 -1.278948 -1.441467
 -14.054531 -14.054531 -14.054531 -0.000002
 -13.972518 -13.972518 -13.972518 -0.000003
 -14.151986 -14.151986 -14.151986 -0.000002
 -13.989468 -13.989468 -13.989468 -0.000003
 -1.386294 -1.386294 -1.386294 -1.386294
 -1.386294 -1.386294 -1.386294 -1.386294
 -1.386294 -1.386294 -1.386294 -1.386294
 -0.000001 -15.430931 -15.430931 -15.430931
 -15.430931 -15.430931 -0.000001 -15.430931
 -1.386294 -1.386294 -1.386294 -1.386294
 -1.386294 -1.386294 -1.386294 -1.386294
 -1.386294 -1.386294 -1.386294 -1.386294
 -1.386294 -1.386294 -1.386294 -1.386294
 -1.386294 -1.386294 -1.386294 -1.386294
 -1.190152 -1.595617 -1.278948 -1.538459
 -1.386294 -1.386294 -1.386294 -1.386294
 -1.392852 -1.504077 -1.985913 -0.936094
 -1.041455 -1.791758 -2.060020 -1.041455
 -1.358124 -1.203973 -1.763587 -1.304056
 -1.791758 -1.248145 -1.504077 -1.126784
 -0.900788 -1.325670 -2.143976 -1.556193
 -1.419084 -1.386294 -1.562184 -1.209364
 -1.315677 -1.148624 -1.634129 -1.516347
 -1.911021 -1.368699 -1.052362 -1.392229
 -1.356891 0.000100 0.000100 0.000100
 -1.447092 0.000100 0.000100 0.000100
 -1.458962 0.000100 0.000100 0.000100
 -1.291678 0.000100 0.000100 0.000100
 -1.331235 -1.509483 -1.416392 -1.301082
 -1.210880 -1.715126 -1.261652 -1.431551
 -1.270836 -1.432104 -1.419681 -1.432104
 -1.776721 -1.386294 -1.210730 -1.262915
 -1.241713 -1.681411 -1.555370 -1.158716
 -1.470486 -1.380102 -1.631416 -1.130161
 -1.299283 -1.280415 -1.583795 -1.409948
 -1.781121 -1.329136 -1.481604 -1.080069
 -1.451990 -1.476991 -1.357802 -1.271728
 -1.264127 -1.315420 -1.474848 -1.512588
 -1.259386 -1.396245 -1.423273 -1.479626
 -1.791759 -1.528342 -1.230189 -1.126392
 -1.146815 -1.654558 -1.386294 -1.422226
 -1.235472 -1.606535 -1.286765 -1.458615
 -1.281473 -1.438865 -1.331235 -1.509483
 -1.573810 -1.412543 -1.168346 -1.434049
 -1.206534 -1.586681 -1.514360 -1.286576
 -1.201866 -1.596859 -1.596859 -1.223143
 -1.096103 -1.332492 -1.509115 -1.709785
 -1.756668 -1.284512 -1.460402 -1.144283
 -1.364208 -1.354546 -1.434588 -1.393766
 -1.209838 -1.335001 -1.586315 -1.452784
 -1.278406 -1.278406 -1.551049 -1.465283
 -1.691676 -1.474263 -1.186581 -1.267342
 -1.167015 -1.645907 -1.394593 -1.394593
 -1.247358 -1.444888 -1.378197 -1.491956
 -1.366436 -1.311777 -1.412421 -1.460623
 -1.623424 -1.364316 -1.141172 -1.479385
 -1.158413 -1.593731 -1.460199 -1.383659
 -1.164902 -1.493925 -1.589235 -1.349094
 -1.185861 -1.373324 -1.448225 -1.578587
 -1.583004 -1.597603 -1.374460 -1.080913
 -1.367063 -1.543686 -1.320543 -1.329676
 -1.200843 -1.545683 -1.447703 -1.383164
 -1.264848 -1.135314 -1.681008 -1.559647
 -1.871802 -1.489594 -1.378368 -0.997772
 -1.366658 -1.312591 -1.472019 -1.400560
 -1.116004 -1.741328 -1.363566 -1.421386
 -1.260100 -1.403994 -1.415970 -1.478102
 -1.486642 -1.342061 -1.532104 -1.215768
 -1.232509 -1.664642 -1.586681 -1.156523
 -1.286765 -1.550182 -1.635949 -1.149294
 -1.261652 -1.419281 -1.431551 -1.443973
 -1.746478 -1.394502 -1.428025 -1.085081
 -1.456449 -1.399937 -1.410987 -1.285824
 -1.325670 -1.437588 -1.548813 -1.257462
 -1.255933 -1.521636 -1.349023 -1.438254
 -1.589006 -1.472472 -1.217830 -1.306958
 -1.380596 -1.514128 -1.369297 -1.293585
 -1.201991 -1.658228 -1.328475 -1.410392
 -1.276068 -1.356920 -1.285824 -1.676690
 -1.796954 -1.536997 -1.043183 -1.321108
 -1.112757 -1.612251 -1.456090 -1.432279
 -1.310844 -1.575536 -1.461126 -1.232592
 -1.405712 -1.405712 -1.435565 -1.303298
 -1.623826 -1.609438 -1.314638 -1.095760
 -1.446919 -1.620190 -1.289527 -1.232908
 -1.363893 -1.456675 -1.456675 -1.278994
 -1.463484 -1.439093 -1.304056 -1.347074
 -1.734601 -1.436556 -1.190986 -1.266335
 -1.505641 -1.424515 -1.279685 -1.349481
 -1.212187 -1.430189 -1.344246 -1.597242
 -1.499014 -1.312912 -1.222761 -1.545534
 -1.986627 -1.575121 -1.038135 -1.198171
 -1.580910 -1.422305 -1.491297 -1.114820
 -1.196251 -1.483933 -1.666254 -1.265931
 -1.272635 -1.264405 -1.443453 -1.602517
 -1.551809 -1.347508 -1.649789 -1.090174
 -15.107495 -15.107495 -15.107495 -0.000001
 -15.115704 -15.115704 -15.115704 -0.000001
 -14.930654 -14.930654 -14.930654 -0.000001
 -15.214229 -15.214229 -15.214229 -0.000001
 -1.386294 -1.386294 -1.386294 -1.386294
 -1.386294 -1.386294 -1.386294 -1.386294
 -1.386294 -1.386294 -1.386294 -1.386294
 -1.624118 -1.392560 -1.193159 -1.381448
 -1.911304 -1.171638 -1.911304 -0.930476
 -1.358745 -1.486084 -1.646426 -1.126943
 -1.326343 -1.251620 -1.416494 -1.580123
 -1.732761 -1.484925 -1.497195 -0.986370
 -14.959735 -14.959735 -14.959735 -0.000001
 -15.139931 -15.139931 -15.139931 -0.000001
 -14.907435 -14.907435 -14.907435 -0.000001
 -15.326234 -15.326234 -15.326234 -0.000001
 -1.386294 -1.386294 -1.386294 -1.386294
 -1.386294 -1.386294 -1.386294 -1.386294
 -1.386294 -1.386294 -1.386294 -1.386294
 -1.613610 -1.281628 -1.299283 -1.384215
 -14.869824 -14.869824 -14.869824 -0.000001
 -15.201806 -15.201806 -15.201806 -0.000001
 -15.184151 -15.184151 -15.184151 -0.000001
 -15.099219 -15.099219 -15.099219 -0.000001
 -1.386294 -1.386294 -1.386294 -1.386294
 -1.386294 -1.386294 -1.386294 -1.386294
 -1.386294 -1.386294 -1.386294 -1.386294
 -0.000000 -16.483433 -16.483433 -16.483433
 -16.483433 -16.483433 -0.000000 -16.483433
 -1.386294 -1.386294 -1.386294 -1.386294
 -1.386294 -1.386294 -1.386294 -1.386294
 -1.386294 -1.386294 -1.386294 -1.386294
 -1.386294 -1.386294 -1.386294 -1.386294
 -1.386294 -1.386294 -1.386294 -1.386294
 -1.088944 -1.338198 -1.704748 -1.517350
 -1.386294 -1.386294 -1.386294 -1.386294
 -1.430559 -1.363867 -1.456761 -1.301347
 -1.280934 -1.391599 -1.927560 -1.114613
 -1.250857 -1.277885 -1.784154 -1.319849
 -1.507247 -1.451677 -1.596859 -1.073611
 -1.327922 -1.558828 -1.239194 -1.448286
 -1.163699 -1.543188 -1.400088 -1.481057
 -1.177750 -1.613067 -1.276596 -1.542863
 -1.607136 -1.573235 -0.949081 -1.584408
