 -1.324994 0.000100 0.000100 0.000100
 -1.482755 0.000100 0.000100 0.000100
 -1.415451 0.000100 0.000100 0.000100
 -1.330414 0.000100 0.000100 0.000100
 -1.077222 -1.556794 -1.436166 -1.556794
 -1.255933 -1.661397 -1.507247 -1.191394
 -1.217876 -1.345709 -1.695911 -1.345709
 -1.323116 -1.659587 -1.386294 -1.225952
 -1.205585 -1.325386 -1.695132 -1.381475
 -0.886339 -1.778335 -1.778335 -1.386294
 -1.137833 -1.178655 -2.005332 -1.438938
 -1.482686 -1.556794 -1.288530 -1.250064
 -1.066574 -1.541996 -1.733051 -1.327587
 -1.166751 -1.716795 -1.621486 -1.166751
 -1.349927 -1.167606 -1.647177 -1.439539
 -1.449716 -1.661025 -1.198402 -1.295566
 -1.138819 -1.421386 -1.702287 -1.361962
 -1.386294 -1.622682 -1.888385 -0.913008
 -1.085455 -1.353718 -1.881784 -1.379694
 -1.485824 -1.509354 -1.558144 -1.072637
 -1.312912 -1.294220 -1.786695 -1.240153
 -1.246533 -1.779336 -1.578666 -1.086190
 -1.256837 -1.148623 -1.634130 -1.593308
 -1.280934 -1.463255 -1.443453 -1.367945
 -1.439217 -1.355835 -1.935652 -1.019364
 -1.264598 -1.701810 -1.957743 -0.931107
 -1.036738 -1.311174 -1.729883 -1.616555
 -1.381073 -1.818285 -1.125140 -1.340250
 -1.197053 -1.306252 -1.646577 -1.450833
 -1.160488 -1.966111 -1.455287 -1.160488
 -1.173274 -1.150285 -2.044100 -1.408113
 -1.165946 -1.681758 -1.363305 -1.400346
 -1.276294 -1.293101 -1.874129 -1.227504
 -1.367366 -1.590509 -2.223029 -0.836739
 -1.148093 -1.084914 -1.932209 -1.609437
 -1.126943 -1.968508 -1.217094 -1.426186
 -0.987387 -1.310787 -1.762771 -1.680533
 -1.495027 -1.887068 -2.110211 -0.687106
 -1.386294 -0.991641 -1.729238 -1.601405
 -1.381380 -1.675619 -1.186072 -1.361962
 -1.247648 -0.890974 -2.328557 -1.584120
 -1.767661 -1.921811 -1.880989 -0.633960
 -1.468738 -0.927142 -1.990033 -1.437966
 -1.113880 -1.677348 -1.337023 -1.504077
 -0.935818 -1.055363 -2.713584 -1.643148
 -1.982276 -1.876916 -2.713160 -0.441834
 -1.279197 -0.755950 -2.547700 -1.749198
 -1.000633 -1.791758 -1.511457 -1.406097
 -1.148623 -0.966302 -2.432635 -1.538820
 -1.672136 -1.764509 -1.979619 -0.687639
 -1.191395 -0.814102 -2.172217 -1.971549
 -0.931559 -1.945909 -1.530394 -1.399366
 -0.866167 -1.075517 -3.286524 -1.604775
 -1.462577 -1.880311 -2.085105 -0.710243
 -0.753774 -1.446919 -2.322382 -1.629239
 -0.982473 -2.674144 -1.361962 -1.202332
 -1.171816 -0.877825 -3.238670 -1.446919
 -1.238375 -1.631416 -1.749199 -1.077107
 -0.832911 -1.577349 -2.036878 -1.477266
 -1.075192 -1.768338 -1.400614 -1.420032
 -1.085709 -0.909819 -3.044515 -1.550597
 -1.211091 -1.324419 -1.940604 -1.229109
 -1.029621 -1.493925 -2.639047 -1.058608
 -1.576467 -1.358745 -1.498506 -1.162035
 -1.396050 -1.037417 -2.332141 -1.200742
 -1.177471 -1.480657 -1.855349 -1.177471
 -1.351609 -1.264598 -1.803591 -1.223776
 -2.009760 -1.260525 -1.224807 -1.242507
 -1.362197 -1.338666 -2.008822 -1.056816
 -1.171183 -1.469676 -1.687399 -1.290984
 -1.264934 -1.488077 -1.824548 -1.106710
 -1.841029 -1.508896 -1.260001 -1.089043
 -1.386294 -1.318853 -1.713506 -1.196251
 -1.243603 -1.332550 -1.835652 -1.243603
 -1.526056 -1.035434 -1.669156 -1.430746
 -1.718292 -1.364121 -1.296298 -1.232785
 -1.268512 -1.411612 -1.984129 -1.086190
 -1.381179 -1.488810 -1.776491 -1.038894
 -1.358896 -1.232144 -1.925289 -1.185624
 -1.882005 -1.240153 -1.594324 -1.034709
 -1.343735 -1.343735 -2.308812 -0.970531
 -1.540445 -1.252763 -1.871801 -1.060873
 -1.534714 -1.287855 -2.268679 -0.903444
 -2.135854 -1.309177 -1.442708 -0.979424
 -0.234403 -14.108183 -1.565635 -14.108183
 -0.631905 -14.457367 -0.758389 -14.457367
 -0.544114 -13.928843 -0.868353 -13.928843
 -0.935709 -14.771024 -0.498088 -14.771024
 -15.134597 -0.861661 -1.661576 -0.947522
 -1.386294 -1.386294 -1.386294 -1.386294
 -14.984893 -1.199841 -0.705648 -1.584897
 -1.386294 -1.386294 -1.386294 -1.386294
 -1.386294 -1.386294 -1.386294 -1.386294
 -14.751606 -0.000001 -14.751606 -14.751606
 -14.648421 -0.000001 -14.648421 -14.648421
 -14.562201 -0.000001 -14.562201 -14.562201
 -1.386294 -1.386294 -1.386294 -1.386294
 -0.000001 -15.755691 -15.755691 -15.755691
 -1.386294 -1.386294 -1.386294 -1.386294
 -1.386294 -1.386294 -1.386294 -1.386294
 -15.755691 -15.755691 -0.000000 -15.755691
 -1.386294 -1.386294 -1.386294 -1.386294
 -1.386294 -1.386294 -1.386294 -1.386294
 -1.386294 -1.386294 -1.386294 -1.386294
 -1.386294 -1.386294 -1.386294 -1.386294
 -1.386294 -1.386294 -1.386294 -1.386294
 -1.217474 -1.596590 -1.102932 -1.774665
 -1.386294 -1.386294 -1.386294 -1.386294
 -1.284825 -1.357584 -2.149820 -1.051211
 -1.311174 -1.514772 -1.616555 -1.164571
 -1.399366 -1.283535 -1.704747 -1.222910
 -1.774951 -1.403389 -1.438480 -1.057114
 -1.215669 -1.318853 -1.650986 -1.409825
 -1.168817 -1.168817 -1.843944 -1.512588
 -1.402824 -1.166435 -1.436725 -1.585145
 -1.702528 -1.272966 -1.464857 -1.181994
 -1.294236 0.000100 0.000100 0.000100
 -1.351207 0.000100 0.000100 0.000100
 -1.429476 0.000100 0.000100 0.000100
 -1.480469 0.000100 0.000100 0.000100
 -1.353109 -1.457299 -1.222143 -1.541303
 -1.293799 -1.325246 -1.461277 -1.477991
 -1.287573 -1.219627 -1.411732 -1.687404
 -1.896998 -1.225965 -1.194780 -1.371458
 -1.315521 -1.389727 -1.370653 -1.475864
 -1.233527 -1.342584 -1.466337 -1.528793
 -1.227931 -1.242297 -1.422049 -1.730689
 -1.823003 -1.203784 -1.210726 -1.425357
 -1.294679 -1.477236 -1.372863 -1.409089
 -1.167486 -1.429413 -1.554408 -1.435115
 -1.188791 -1.305837 -1.452282 -1.658473
 -1.742831 -1.255963 -1.264154 -1.355975
 -1.359094 -1.444318 -1.240583 -1.523333
 -1.265236 -1.378981 -1.476172 -1.437665
 -1.255838 -1.240979 -1.406800 -1.708508
 -1.869300 -1.200222 -1.240846 -1.364526
 -1.322851 -1.394240 -1.384108 -1.447930
 -1.192994 -1.384130 -1.501990 -1.498522
 -1.245456 -1.203605 -1.502029 -1.663882
 -1.815316 -1.166621 -1.267870 -1.409089
 -1.284755 -1.453389 -1.381977 -1.433707
 -1.172040 -1.422179 -1.503103 -1.484398
 -1.228195 -1.269918 -1.427116 -1.680264
 -1.791946 -1.270860 -1.247174 -1.326296
 -1.396507 -1.435147 -1.216083 -1.522935
 -1.300572 -1.344674 -1.450103 -1.459066
 -1.293901 -1.215499 -1.409936 -1.686967
 -1.851590 -1.195539 -1.227230 -1.396876
 -1.341489 -1.374433 -1.354805 -1.480326
 -1.243619 -1.397594 -1.418700 -1.503091
 -1.283955 -1.219803 -1.427401 -1.672164
 -1.850104 -1.191684 -1.248442 -1.377857
 -1.217952 -1.526986 -1.384140 -1.442078
 -1.163363 -1.451853 -1.466186 -1.502262
 -1.221405 -1.302919 -1.396914 -1.681535
 -1.803085 -1.250982 -1.275543 -1.310418
 -1.368407 -1.443255 -1.249556 -1.501938
 -1.281000 -1.359556 -1.456090 -1.459640
 -1.346717 -1.225266 -1.372492 -1.646345
 -1.895357 -1.171106 -1.219985 -1.408634
 -1.339331 -1.393287 -1.339331 -1.479725
 -1.237135 -1.334545 -1.458706 -1.541917
 -1.273254 -1.225549 -1.453468 -1.646485
 -1.876098 -1.161884 -1.260058 -1.385177
 -1.230393 -1.533509 -1.395284 -1.409430
 -1.129886 -1.506758 -1.457010 -1.503408
 -1.128946 -1.343322 -1.497578 -1.650377
 -1.744913 -1.289201 -1.260154 -1.323362
 -1.338056 -1.482749 -1.234598 -1.515582
 -1.268664 -1.355897 -1.450010 -1.484971
 -1.240921 -1.284523 -1.398193 -1.676345
 -1.864342 -1.173526 -1.246109 -1.393902
 -1.351404 -1.339244 -1.404292 -1.454406
 -1.297722 -1.270648 -1.476277 -1.524589
 -1.287698 -1.149511 -1.491516 -1.702254
 -1.845827 -1.159272 -1.289459 -1.374480
 -1.234395 -1.490959 -1.392237 -1.446834
 -1.153175 -1.437722 -1.547265 -1.452136
 -1.204772 -1.266040 -1.487514 -1.648385
 -1.749671 -1.275744 -1.283879 -1.309389
 -1.343131 -1.483964 -1.192956 -1.565840
 -1.298034 -1.387273 -1.417759 -1.448510
 -1.246963 -1.299052 -1.394489 -1.650918
 -1.917208 -1.199458 -1.203616 -1.380239
 -1.299226 -1.393290 -1.365595 -1.497130
 -1.253558 -1.309669 -1.503362 -1.504077
 -1.298476 -1.173933 -1.400635 -1.763387
 -1.874335 -1.109918 -1.274546 -1.438012
 -1.216956 -1.497373 -1.420935 -1.432696
 -1.089741 -1.509409 -1.551912 -1.466145
 -1.214383 -1.275532 -1.455596 -1.657771
 -1.663277 -1.247885 -1.303923 -1.378696
 -1.374588 -1.418648 -1.223892 -1.556220
 -1.257414 -1.355935 -1.523574 -1.427227
 -1.295444 -1.218058 -1.413946 -1.675376
 -1.894325 -1.204825 -1.236377 -1.349379
 -1.266195 -1.386636 -1.421459 -1.483591
 -1.216357 -1.338915 -1.470618 -1.552212
 -1.237765 -1.160622 -1.503682 -1.746592
 -2.129457 -1.100283 -1.173705 -1.430864
 -0.601803 -17.920465 -0.793682 -17.920465
 -0.526237 -18.057268 -0.893610 -18.057268
 -0.584852 -17.908020 -0.814610 -17.908020
 -0.965987 -17.748316 -0.479016 -17.748316
 -18.660484 -1.178340 -0.844940 -1.337017
 -1.386294 -1.386294 -1.386294 -1.386294
 -18.551796 -0.939898 -0.998140 -1.423920
 -1.386294 -1.386294 -1.386294 -1.386294
 -1.386294 -1.386294 -1.386294 -1.386294
 -18.242271 0.000000 -18.242271 -18.242271
 -18.386297 0.000000 -18.386297 -18.386297
 -17.923594 0.000000 -17.923594 -17.923594
 -1.386294 -1.386294 -1.386294 -1.386294
 0.000000 -19.300764 -19.300764 -19.300764
 -1.386294 -1.386294 -1.386294 -1.386294
 -1.386294 -1.386294 -1.386294 -1.386294
 -19.300764 -19.300764 0.000000 -19.300764
 -1.386294 -1.386294 -1.386294 -1.386294
 -1.386294 -1.386294 -1.386294 -1.386294
 -1.386294 -1.386294 -1.386294 -1.386294
 -1.386294 -1.386294 -1.386294 -1.386294
 -1.386294 -1.386294 -1.386294 -1.386294
 -1.324341 -1.068704 -1.576636 -1.693366
 -1.386294 -1.386294 -1.386294 -1.386294
 -1.247475 -1.484009 -1.414924 -1.414283
 -1.154230 -1.456962 -1.580399 -1.402977
 -1.184694 -1.283224 -1.625215 -1.513453
 -1.678044 -1.250285 -1.260574 -1.413267
 -1.299234 -1.550241 -1.251368 -1.474255
 -1.219113 -1.446049 -1.450988 -1.449574
 -1.325809 -1.278356 -1.308842 -1.683168
 -1.762896 -1.228117 -1.312013 -1.323013
