 -1.139143 0.000100 0.000100 0.000100
 -1.484412 0.000100 0.000100 0.000100
 -1.464003 0.000100 0.000100 0.000100
 -1.505246 0.000100 0.000100 0.000100
 -1.182312 -1.701104 -1.924247 -1.007959
 -1.078205 -1.530188 -1.866658 -1.242507
 -0.957535 -1.337023 -2.110209 -1.459625
 -1.609437 -1.462834 -1.295781 -1.221673
 -1.219241 -1.271884 -1.663925 -1.448815
 -1.176000 -1.770704 -1.498772 -1.211091
 -1.400088 -1.517870 -1.517870 -1.154966
 -1.458615 -1.640936 -1.196251 -1.304465
 -1.319603 -1.495493 -1.662547 -1.142673
 -1.324419 -1.407801 -1.547562 -1.285199
 -1.247825 -1.088761 -1.570597 -1.781905
 -1.360977 -1.543298 -1.626679 -1.098613
 -1.218572 -1.412727 -2.036879 -1.107347
 -1.098613 -2.043071 -1.737691 -1.018571
 -1.122144 -1.158511 -1.746295 -1.681757
 -1.313388 -1.888749 -1.017924 -1.521026
 -1.256617 -1.284016 -1.776491 -1.312187
 -1.170072 -2.386459 -1.632694 -0.910562
 -1.263692 -1.120592 -2.123888 -1.302913
 -1.313388 -1.783390 -1.282616 -1.252763
 -1.277661 -1.042822 -2.095968 -1.402824
 -1.211091 -2.240704 -2.058384 -0.759107
 -1.199966 -1.086637 -2.221610 -1.374318
 -1.394076 -1.640936 -1.146241 -1.425825
 -1.313388 -1.282616 -1.834683 -1.223776
 -1.229452 -1.773066 -2.098486 -0.879251
 -1.510591 -0.817447 -2.397886 -1.399366
 -1.402295 -1.700786 -1.339774 -1.172721
 -1.213023 -0.995959 -2.144577 -1.531476
 -1.463255 -2.117178 -2.197220 -0.621690
 -1.098614 -1.232144 -1.974077 -1.443452
 -1.206409 -1.784485 -1.206409 -1.454245
 -1.346449 -0.962038 -2.173123 -1.410987
 -1.366092 -2.639047 -2.282377 -0.559618
 -1.034898 -0.963439 -2.251285 -1.845824
 -0.963175 -1.984823 -1.319849 -1.542992
 -1.006020 -1.184268 -2.595248 -1.371479
 -1.570597 -2.669200 -1.976060 -0.537585
 -1.160171 -1.160171 -2.125244 -1.371479
 -1.339774 -2.063690 -0.944463 -1.504077
 -1.386294 -0.831299 -2.874360 -1.354546
 -1.734599 -1.877699 -3.344010 -0.453670
 -0.928715 -1.098614 -2.784996 -1.561235
 -1.035434 -1.836210 -1.238375 -1.631416
 -1.155308 -0.801137 -3.745544 -1.548350
 -1.662547 -1.980999 -2.114529 -0.594709
 -0.606140 -1.810105 -1.927886 -1.927886
 -1.203973 -1.977160 -1.312187 -1.229949
 -1.091008 -0.886214 -2.795746 -1.656321
 -1.386294 -2.302579 -1.714797 -0.755024
 -0.958853 -1.455287 -1.609436 -1.696447
 -1.028162 -2.029607 -1.393620 -1.336462
 -1.036738 -1.016935 -2.383806 -1.652922
 -1.163152 -1.999395 -1.791757 -0.953432
 -0.842681 -1.791757 -1.791757 -1.443452
 -1.282616 -1.888749 -1.168206 -1.345136
 -1.232144 -1.077994 -2.484901 -1.256242
 -1.176000 -1.452252 -1.652922 -1.324419
 -0.890975 -1.584119 -2.054119 -1.360977
 -1.828125 -1.774058 -1.163152 -1.029621
 -1.394593 -1.184873 -2.230837 -1.082219
 -1.166932 -1.137079 -1.890848 -1.527944
 -1.321756 -1.609437 -1.609437 -1.098614
 -1.840548 -1.504077 -1.370546 -1.007641
 -1.302525 -1.499234 -2.555279 -0.850541
 -1.180851 -1.645155 -1.845825 -1.072638
 -1.386294 -1.335001 -1.440361 -1.386294
 -2.072059 -1.408767 -1.191703 -1.121086
 -1.262916 -1.262916 -2.397888 -1.068760
 -1.217672 -1.812377 -1.694594 -1.029621
 -1.398129 -1.398129 -1.609437 -1.184556
 -1.725509 -1.428258 -1.487099 -1.032364
 -1.553348 -1.348554 -2.447159 -0.815751
 -1.469676 -2.120259 -1.272966 -0.994254
 -2.041215 -1.208312 -1.399366 -1.124931
 -1.854937 -1.406914 -1.183771 -1.229233
 -0.955513 -1.265667 -2.970395 -1.265667
 -1.183771 -1.812377 -1.640527 -1.088461
 -1.319284 -1.437066 -2.130209 -0.977536
 -1.881784 -1.433761 -1.583292 -0.906407
 -0.589609 -1.089563 -2.215569 -13.910825
 -0.921407 -0.921407 -1.589234 -13.795312
 -1.054162 -0.788460 -1.624704 -13.400002
 -1.230291 -0.788459 -1.373391 -14.247295
 -14.334307 -14.334307 -14.334307 -0.000002
 -14.380827 -14.380827 -14.380827 -0.000002
 -13.641162 -13.641162 -13.641162 -0.000004
 -1.386294 -1.386294 -1.386294 -1.386294
 -1.386294 -1.386294 -1.386294 -1.386294
 -1.386294 -1.386294 -1.386294 -1.386294
 -1.386294 -1.386294 -1.386294 -1.386294
 -15.269464 -15.269464 -15.269464 -0.000001
 -1.386294 -1.386294 -1.386294 -1.386294
 -1.386294 -1.386294 -1.386294 -1.386294
 -1.386294 -1.386294 -1.386294 -1.386294
 -0.000001 -15.269464 -15.269464 -15.269464
 -15.269464 -15.269464 -0.000001 -15.269464
 -1.386294 -1.386294 -1.386294 -1.386294
 -1.386294 -1.386294 -1.386294 -1.386294
 -1.386294 -1.386294 -1.386294 -1.386294
 -1.386294 -1.386294 -1.386294 -1.386294
 -1.386294 -1.386294 -1.386294 -1.386294
 -1.103296 -1.810627 -1.146469 -1.677096
 -1.386294 -1.386294 -1.386294 -1.386294
 -1.318241 -1.490091 -2.557925 -0.844954
 -1.540444 -1.358124 -1.945906 -0.952660
 -1.416147 -1.174986 -1.693778 -1.329136
 -1.897117 -1.246533 -1.290985 -1.246533
 -1.058608 -1.694594 -2.505517 -0.947383
 -1.800491 -1.566878 -1.161414 -1.161414
 -1.223776 -1.174986 -2.022278 -1.329136
 -1.524696 -1.140286 -1.658227 -1.301553
 -1.391270 0.000100 0.000100 0.000100
 -1.458002 0.000100 0.000100 0.000100
 -1.326512 0.000100 0.000100 0.000100
 -1.373818 0.000100 0.000100 0.000100
 -1.230134 -1.538100 -1.419710 -1.381611
 -1.151426 -1.460499 -1.465919 -1.510371
 -1.195574 -1.409668 -1.405173 -1.570598
 -1.583255 -1.353393 -1.335693 -1.296979
 -1.215217 -1.476169 -1.562346 -1.327274
 -1.281425 -1.454936 -1.626786 -1.229690
 -1.173910 -1.421386 -1.503483 -1.482318
 -1.755654 -1.283879 -1.288314 -1.292768
 -1.264369 -1.515127 -1.316276 -1.471110
 -1.165304 -1.548041 -1.359186 -1.520338
 -1.224035 -1.340717 -1.417876 -1.599128
 -1.644253 -1.457181 -1.185022 -1.315978
 -1.147620 -1.614887 -1.377636 -1.463081
 -1.302660 -1.415803 -1.485912 -1.350288
 -1.229207 -1.475771 -1.290295 -1.591187
 -1.617052 -1.474801 -1.184360 -1.321440
 -1.244765 -1.521356 -1.445849 -1.354680
 -1.364372 -1.244324 -1.700844 -1.295379
 -1.143716 -1.407465 -1.506837 -1.537143
 -1.643044 -1.316567 -1.453366 -1.188186
 -1.399540 -1.449664 -1.310308 -1.390690
 -1.187936 -1.470580 -1.445765 -1.470580
 -1.189014 -1.452252 -1.334469 -1.618790
 -1.696957 -1.316185 -1.251646 -1.337238
 -1.240929 -1.504077 -1.468986 -1.352846
 -1.064229 -1.544070 -1.447221 -1.578557
 -1.157855 -1.364412 -1.459722 -1.619443
 -1.755392 -1.398717 -1.212237 -1.263312
 -1.281141 -1.483056 -1.370870 -1.421090
 -1.204802 -1.513450 -1.571605 -1.300528
 -1.127288 -1.430853 -1.608261 -1.440754
 -1.818126 -1.360605 -1.332031 -1.148146
 -1.242975 -1.545924 -1.416247 -1.363603
 -1.158694 -1.429394 -1.477148 -1.521600
 -1.307704 -1.365136 -1.360222 -1.525050
 -1.724749 -1.278956 -1.181133 -1.441707
 -1.175305 -1.591699 -1.402078 -1.420427
 -1.150904 -1.579097 -1.429885 -1.434848
 -1.173326 -1.548350 -1.401026 -1.462221
 -1.651671 -1.403994 -1.257159 -1.279431
 -1.337063 -1.385265 -1.397688 -1.427288
 -1.275282 -1.382254 -1.577563 -1.335001
 -1.149421 -1.433473 -1.503502 -1.503502
 -1.702384 -1.345709 -1.446032 -1.133535
 -1.324284 -1.566598 -1.287013 -1.389667
 -1.195442 -1.479271 -1.414732 -1.484412
 -1.347564 -1.276612 -1.392684 -1.547690
 -1.713182 -1.335001 -1.207338 -1.356507
 -1.209018 -1.532348 -1.396802 -1.435085
 -1.162911 -1.574140 -1.459574 -1.394713
 -1.167527 -1.426389 -1.449378 -1.541902
 -1.657306 -1.387525 -1.245410 -1.302568
 -1.296503 -1.532129 -1.431126 -1.304166
 -1.314747 -1.343735 -1.555909 -1.348649
 -1.207093 -1.259209 -1.559313 -1.576120
 -1.814945 -1.295270 -1.447221 -1.114418
 -1.399122 -1.437405 -1.227025 -1.502919
 -1.330019 -1.448339 -1.369412 -1.401160
 -1.377233 -1.366976 -1.265194 -1.557495
 -1.759394 -1.326702 -1.156158 -1.395105
 -1.287227 -1.482358 -1.352979 -1.433831
 -1.192277 -1.487741 -1.388650 -1.508794
 -1.129671 -1.395511 -1.420512 -1.673637
 -1.704121 -1.305576 -1.167426 -1.444413
 -1.340548 -1.498772 -1.304616 -1.412158
 -1.268511 -1.415565 -1.450833 -1.420528
 -1.233569 -1.288270 -1.463388 -1.601716
 -1.791759 -1.272966 -1.272966 -1.297063
 -1.404899 -1.404899 -1.269024 -1.477925
 -1.236253 -1.599158 -1.289003 -1.461374
 -1.278405 -1.337998 -1.406051 -1.541596
 -1.763996 -1.587645 -1.103520 -1.229176
 -1.193805 -1.469881 -1.485385 -1.424761
 -1.150980 -1.789212 -1.341399 -1.366092
 -1.116330 -1.386294 -1.437153 -1.687846
 -1.500448 -1.505897 -1.214125 -1.354091
 -1.349217 -1.671990 -1.151686 -1.441467
 -1.401050 -1.473911 -1.503412 -1.196456
 -1.341444 -1.487586 -1.269531 -1.462522
 -1.804402 -1.371332 -1.406600 -1.088612
 -0.858960 -1.324866 -1.169381 -15.901183
 -0.781116 -1.381045 -1.235156 -15.843659
 -1.042896 -1.049050 -1.213023 -16.040134
 -1.078495 -1.177586 -1.044489 -16.050888
 -16.405527 -16.405527 -16.405527 -0.000000
 -16.134953 -16.134953 -16.134953 -0.000000
 -16.190416 -16.190416 -16.190416 -0.000000
 -1.386294 -1.386294 -1.386294 -1.386294
 -1.386294 -1.386294 -1.386294 -1.386294
 -1.386294 -1.386294 -1.386294 -1.386294
 -1.386294 -1.386294 -1.386294 -1.386294
 -17.349197 -17.349197 -17.349197 -0.000000
 -1.386294 -1.386294 -1.386294 -1.386294
 -1.386294 -1.386294 -1.386294 -1.386294
 -1.386294 -1.386294 -1.386294 -1.386294
 0.000000 -17.349197 -17.349197 -17.349197
 -17.349197 -17.349197 -0.000000 -17.349197
 -1.386294 -1.386294 -1.386294 -1.386294
 -1.386294 -1.386294 -1.386294 -1.386294
 -1.386294 -1.386294 -1.386294 -1.386294
 -1.386294 -1.386294 -1.386294 -1.386294
 -1.386294 -1.386294 -1.386294 -1.386294
 -1.248248 -1.165314 -1.701105 -1.520118
 -1.386294 -1.386294 -1.386294 -1.386294
 -1.314660 -1.439571 -1.349346 -1.448191
 -1.186646 -1.553008 -1.501272 -1.345922
 -1.474907 -1.272966 -1.368847 -1.440539
 -1.543565 -1.409253 -1.257447 -1.356049
 -1.360865 -1.552840 -1.309790 -1.339265
 -1.184178 -1.649393 -1.363305 -1.402334
 -1.022937 -1.580946 -1.430011 -1.632831
 -1.441931 -1.508794 -1.192277 -1.432030
