 -1.395709 0.000100 0.000100 0.000100
 -1.486166 0.000100 0.000100 0.000100
 -1.428679 0.000100 0.000100 0.000100
 -1.250089 0.000100 0.000100 0.000100
 -1.308333 -1.308333 -1.556794 -1.391714
 -1.140915 -1.728700 -1.546379 -1.238079
 -0.924707 -1.721649 -1.632037 -1.473814
 -1.395684 -1.782456 -1.207093 -1.255102
 -1.166666 -1.368903 -1.668145 -1.403994
 -1.126012 -1.596014 -1.778335 -1.190550
 -0.969401 -1.421386 -1.863217 -1.495493
 -1.569631 -1.727855 -1.156070 -1.205667
 -1.230880 -1.342998 -1.731655 -1.309661
 -1.154702 -1.970449 -1.640209 -1.045503
 -1.227605 -1.249584 -1.920750 -1.295046
 -1.532104 -1.796796 -1.150171 -1.198961
 -1.362427 -1.343735 -1.595049 -1.272276
 -1.049823 -2.241957 -1.779336 -0.980830
 -1.191394 -1.255933 -1.804497 -1.399033
 -1.665007 -1.791759 -1.154183 -1.112218
 -1.182431 -1.323013 -1.859316 -1.304321
 -1.629240 -1.564702 -1.663141 -0.903305
 -0.901254 -1.442384 -1.887068 -1.579584
 -1.233387 -1.700409 -1.412728 -1.263692
 -1.139435 -1.167606 -1.889739 -1.524280
 -1.305326 -1.779782 -1.474401 -1.104655
 -1.483024 -1.036738 -1.813264 -1.365241
 -1.499437 -1.681758 -1.243504 -1.196251
 -1.172330 -1.188860 -2.064326 -1.351378
 -1.266150 -2.058386 -1.625523 -0.932378
 -1.067262 -1.185045 -2.111804 -1.472727
 -1.164127 -1.712091 -1.371766 -1.371766
 -1.335864 -1.198242 -1.950228 -1.227230
 -1.603538 -1.911021 -2.134164 -0.630090
 -1.335001 -0.978327 -1.754854 -1.671472
 -1.250419 -1.927304 -1.127186 -1.410048
 -1.402126 -0.857825 -2.074218 -1.588711
 -1.559566 -2.034988 -2.462430 -0.555365
 -1.215534 -1.126587 -2.086359 -1.365816
 -1.155521 -1.675395 -1.196906 -1.630944
 -1.040626 -1.012846 -2.530712 -1.589732
 -1.444358 -2.181955 -1.905702 -0.688033
 -1.296682 -0.808980 -2.287076 -1.716535
 -1.217517 -1.823652 -1.116713 -1.535970
 -1.241361 -0.990047 -2.551278 -1.341444
 -1.978344 -2.058386 -2.100945 -0.491511
 -1.237612 -0.886214 -2.310243 -1.617100
 -0.965082 -2.089009 -1.252763 -1.562917
 -1.084224 -0.976011 -2.847806 -1.482571
 -1.636836 -2.329981 -2.275914 -0.501858
 -0.898748 -1.063827 -2.424796 -1.837014
 -1.119490 -2.054949 -1.198479 -1.411400
 -0.953782 -1.023578 -2.669824 -1.681217
 -1.423108 -1.779782 -2.472926 -0.681172
 -0.728867 -1.558144 -2.433607 -1.517322
 -1.215337 -1.800269 -1.320697 -1.304949
 -1.180626 -0.932165 -2.898271 -1.410200
 -1.116005 -1.421386 -1.940178 -1.247033
 -0.784583 -1.862138 -1.690289 -1.590206
 -1.349927 -1.819929 -1.232144 -1.248144
 -1.377926 -0.867101 -2.381225 -1.446919
 -0.945203 -1.599128 -1.895393 -1.350667
 -0.844548 -1.428495 -2.310879 -1.463586
 -1.535330 -1.776491 -1.212557 -1.145866
 -1.463430 -1.014882 -2.389197 -1.157056
 -1.192431 -1.565635 -2.045207 -1.026639
 -1.240443 -1.394593 -1.751267 -1.240443
 -1.876916 -1.406914 -1.134980 -1.270782
 -1.358745 -1.358745 -2.096341 -1.012999
 -1.342914 -1.575536 -1.675619 -1.064711
 -1.319849 -1.441210 -1.739702 -1.137528
 -1.871801 -1.791759 -1.192641 -0.977985
 -1.146815 -1.670062 -2.091274 -0.992665
 -1.536234 -1.566087 -1.596859 -0.985058
 -1.275753 -1.426035 -1.901457 -1.105128
 -1.795539 -1.405343 -1.317050 -1.137079
 -1.194494 -1.668278 -2.331569 -0.888121
 -1.267846 -1.621486 -1.454432 -1.246793
 -1.326871 -1.301553 -1.694595 -1.276861
 -1.768769 -1.475422 -1.304464 -1.110309
 -1.297463 -1.277661 -2.376269 -1.035100
 -1.154702 -1.671957 -1.344746 -1.442384
 -1.419520 -1.201797 -1.663141 -1.316866
 -1.978970 -1.410987 -1.110883 -1.242652
 -0.620693 -1.026158 -2.262917 -14.363634
 -0.693148 -1.407801 -1.365241 -14.446785
 -0.766352 -1.128466 -1.552279 -14.346141
 -1.264405 -0.980830 -1.071214 -14.585621
 -0.000001 -15.000301 -15.000301 -15.000301
 -0.000001 -14.707510 -14.707510 -14.707510
 -0.000002 -14.380827 -14.380827 -14.380827
 -1.386294 -1.386294 -1.386294 -1.386294
 -15.826406 -15.826406 -15.826406 -0.000000
 -1.386294 -1.386294 -1.386294 -1.386294
 -1.386294 -1.386294 -1.386294 -1.386294
 -1.386294 -1.386294 -1.386294 -1.386294
 -1.386294 -1.386294 -1.386294 -1.386294
 -1.386294 -1.386294 -1.386294 -1.386294
 -1.386294 -1.386294 -1.386294 -1.386294
 -0.000000 -15.826406 -15.826406 -15.826406
 -15.826406 -15.826406 -0.000000 -15.826406
 -1.386294 -1.386294 -1.386294 -1.386294
 -1.386294 -1.386294 -1.386294 -1.386294
 -1.386294 -1.386294 -1.386294 -1.386294
 -1.386294 -1.386294 -1.386294 -1.386294
 -1.386294 -1.386294 -1.386294 -1.386294
 -1.302859 -1.480267 -1.131268 -1.725716
 -1.386294 -1.386294 -1.386294 -1.386294
 -1.421386 -1.186072 -2.222161 -1.064711
 -1.580450 -1.472237 -2.000302 -0.845340
 -1.495813 -1.357663 -1.656155 -1.115350
 -2.182295 -1.129150 -1.424613 -1.129150
 -1.366876 -1.504077 -2.140063 -0.903305
 -1.302525 -1.320543 -1.543686 -1.396050
 -1.148623 -1.256837 -1.479980 -1.767660
 -1.866157 -1.317050 -1.360222 -1.137079
 -1.367446 0.000100 0.000100 0.000100
 -1.418243 0.000100 0.000100 0.000100
 -1.299817 0.000100 0.000100 0.000100
 -1.467406 0.000100 0.000100 0.000100
 -1.182199 -1.568616 -1.447902 -1.386294
 -1.200395 -1.499127 -1.407189 -1.466337
 -1.124665 -1.381164 -1.492390 -1.613856
 -1.682410 -1.344604 -1.199062 -1.378505
 -1.343262 -1.452252 -1.464448 -1.295508
 -1.221399 -1.393970 -1.606892 -1.360297
 -1.191761 -1.345472 -1.516169 -1.530876
 -1.660822 -1.441321 -1.405475 -1.114278
 -1.369690 -1.546042 -1.303095 -1.343101
 -1.067171 -1.581972 -1.447943 -1.535271
 -1.323991 -1.317302 -1.310657 -1.627456
 -1.730871 -1.266686 -1.225122 -1.396813
 -1.221451 -1.597102 -1.387070 -1.374725
 -1.191360 -1.555458 -1.369874 -1.465510
 -1.119745 -1.440777 -1.397560 -1.662344
 -1.619864 -1.339853 -1.248451 -1.373413
 -1.348109 -1.500898 -1.401268 -1.305435
 -1.239211 -1.505839 -1.513808 -1.314957
 -1.147790 -1.326216 -1.543546 -1.591793
 -1.716536 -1.355523 -1.369082 -1.177137
 -1.414879 -1.402418 -1.374935 -1.354070
 -1.174315 -1.482765 -1.405534 -1.519944
 -1.272232 -1.290751 -1.420285 -1.594131
 -1.715139 -1.328286 -1.200915 -1.369589
 -1.293452 -1.485119 -1.328959 -1.450514
 -1.188793 -1.562307 -1.386294 -1.444943
 -1.173488 -1.337614 -1.461998 -1.627247
 -1.594196 -1.410475 -1.240467 -1.333126
 -1.287672 -1.508833 -1.473173 -1.295640
 -1.293072 -1.476013 -1.521648 -1.277711
 -1.126141 -1.350481 -1.604794 -1.534001
 -1.817144 -1.272842 -1.320245 -1.236475
 -1.317557 -1.435697 -1.419747 -1.376397
 -1.193191 -1.472862 -1.407659 -1.501641
 -1.364583 -1.314321 -1.340812 -1.540738
 -1.753766 -1.424210 -1.098612 -1.374969
 -1.269406 -1.515006 -1.454597 -1.325386
 -1.065451 -1.562058 -1.450833 -1.554246
 -1.156379 -1.378936 -1.439377 -1.627322
 -1.618796 -1.331114 -1.275024 -1.353805
 -1.361397 -1.511457 -1.443947 -1.247873
 -1.262976 -1.435762 -1.517289 -1.347269
 -1.187256 -1.404402 -1.476722 -1.509393
 -1.702591 -1.347339 -1.337422 -1.219639
 -1.277981 -1.653182 -1.314970 -1.341403
 -1.164153 -1.482607 -1.401433 -1.539333
 -1.289445 -1.320697 -1.393097 -1.563881
 -1.583462 -1.482507 -1.186581 -1.337862
 -1.237097 -1.620780 -1.355204 -1.369888
 -1.226246 -1.424916 -1.361065 -1.562117
 -1.171400 -1.450285 -1.397560 -1.568467
 -1.617036 -1.360556 -1.373758 -1.231543
 -1.269323 -1.466824 -1.451125 -1.370363
 -1.149222 -1.409949 -1.583795 -1.453434
 -1.185193 -1.323535 -1.534146 -1.548906
 -1.680096 -1.295684 -1.408162 -1.219624
 -1.361638 -1.506282 -1.276538 -1.414591
 -1.209791 -1.441593 -1.434926 -1.482554
 -1.288966 -1.331806 -1.430827 -1.508085
 -1.721801 -1.424035 -1.143064 -1.340653
 -1.223776 -1.584319 -1.323148 -1.450303
 -1.155329 -1.590405 -1.435085 -1.414250
 -1.157520 -1.387781 -1.399758 -1.663629
 -1.636650 -1.427396 -1.186234 -1.346816
 -1.348501 -1.483604 -1.458758 -1.269304
 -1.213508 -1.429938 -1.577912 -1.358222
 -1.183416 -1.350470 -1.547562 -1.505598
 -1.659315 -1.276945 -1.347943 -1.305383
 -1.271884 -1.442384 -1.404644 -1.435994
 -1.148684 -1.481124 -1.443123 -1.516970
 -1.332366 -1.359395 -1.349173 -1.514688
 -1.584120 -1.310745 -1.201645 -1.493642
 -1.266008 -1.587132 -1.366934 -1.352293
 -1.246709 -1.565867 -1.353635 -1.405093
 -1.095543 -1.421495 -1.470445 -1.637499
 -1.559254 -1.414186 -1.265263 -1.330221
 -1.370724 -1.474214 -1.224632 -1.499452
 -1.250976 -1.522128 -1.443348 -1.349416
 -1.149287 -1.453608 -1.318819 -1.703964
 -1.775203 -1.404829 -1.150873 -1.313857
 -1.074738 -1.201119 -1.027906 -16.367296
 -1.030138 -1.204261 -1.069650 -16.263926
 -1.232553 -1.069666 -1.006956 -16.451708
 -1.556417 -1.049699 -0.823104 -16.263926
 -0.000000 -16.524893 -16.524893 -16.524893
 -0.000000 -16.598669 -16.598669 -16.598669
 -0.000000 -16.746172 -16.746172 -16.746172
 -1.386294 -1.386294 -1.386294 -1.386294
 -17.726133 -17.726133 -17.726133 -0.000000
 -1.386294 -1.386294 -1.386294 -1.386294
 -1.386294 -1.386294 -1.386294 -1.386294
 -1.386294 -1.386294 -1.386294 -1.386294
 -1.386294 -1.386294 -1.386294 -1.386294
 -1.386294 -1.386294 -1.386294 -1.386294
 -1.386294 -1.386294 -1.386294 -1.386294
 0.000000 -17.726133 -17.726133 -17.726133
 -17.726133 -17.726133 0.000000 -17.726133
 -1.386294 -1.386294 -1.386294 -1.386294
 -1.386294 -1.386294 -1.386294 -1.386294
 -1.386294 -1.386294 -1.386294 -1.386294
 -1.386294 -1.386294 -1.386294 -1.386294
 -1.386294 -1.386294 -1.386294 -1.386294
 -1.140536 -1.190643 -1.767033 -1.582369
 -1.386294 -1.386294 -1.386294 -1.386294
 -1.323167 -1.464459 -1.325522 -1.440361
 -1.282516 -1.478710 -1.406255 -1.387613
 -1.259822 -1.263963 -1.501735 -1.555803
 -1.620217 -1.313022 -1.232980 -1.419994
 -1.230927 -1.614096 -1.355030 -1.382429
 -1.150247 -1.619226 -1.474487 -1.360652
 -1.115881 -1.464782 -1.362456 -1.686243
 -1.512978 -1.528422 -1.211030 -1.328105
