 -1.234522 0.000100 0.000100 0.000100
 -1.537283 0.000100 0.000100 0.000100
 -1.478285 0.000100 0.000100 0.000100
 -1.324134 0.000100 0.000100 0.000100
 -1.267152 -1.423721 -1.763588 -1.183770
 -1.173146 -1.732760 -1.940399 -0.993805
 -1.345472 -1.365675 -1.791758 -1.146622
 -1.519825 -1.604983 -1.107581 -1.386294
 -1.460402 -1.134980 -1.856297 -1.237259
 -1.231372 -1.636836 -2.042300 -0.957677
 -1.081519 -1.421386 -1.521469 -1.603707
 -1.605584 -1.685627 -1.090920 -1.280162
 -1.336846 -1.269024 -1.824548 -1.221015
 -1.210730 -1.791758 -1.650680 -1.068760
 -1.283110 -1.244644 -1.749199 -1.343735
 -1.581038 -1.541817 -1.244566 -1.230382
 -1.302360 -1.285553 -1.978698 -1.160390
 -1.150171 -1.997466 -1.766943 -0.975817
 -1.213543 -1.380596 -1.638425 -1.358124
 -1.431108 -1.654251 -1.181648 -1.335798
 -1.328187 -1.178655 -1.817734 -1.328187
 -1.523824 -1.690877 -1.690877 -0.883322
 -1.139435 -1.213543 -1.945908 -1.427116
 -1.317827 -1.645514 -1.317827 -1.303228
 -1.257218 -1.211408 -1.889739 -1.321756
 -1.168993 -2.069778 -1.862139 -0.897060
 -1.056816 -1.315677 -2.008822 -1.386294
 -1.520404 -1.795815 -1.127362 -1.232722
 -1.256956 -1.227968 -1.812901 -1.349329
 -1.598264 -1.444114 -1.885945 -0.891325
 -0.904457 -1.192139 -2.179522 -1.722766
 -1.130236 -1.885513 -1.179629 -1.523724
 -1.382380 -1.171816 -1.852383 -1.264598
 -1.396245 -2.172771 -2.050169 -0.673540
 -1.005523 -1.039424 -2.266650 -1.732570
 -1.041454 -1.901654 -1.287289 -1.506342
 -1.225364 -1.110589 -2.393932 -1.252763
 -1.599128 -2.490097 -1.895393 -0.571343
 -1.057791 -1.163151 -1.834317 -1.711716
 -1.229325 -1.922470 -1.299283 -1.242930
 -1.163995 -0.979424 -2.695467 -1.407617
 -1.764509 -1.902659 -2.107452 -0.583378
 -1.119666 -0.962481 -2.330752 -1.637608
 -1.304056 -1.806147 -1.290984 -1.240341
 -1.111858 -1.022627 -2.538970 -1.459054
 -1.642227 -2.161019 -2.161019 -0.551585
 -1.053151 -1.146241 -2.151759 -1.527607
 -1.184268 -2.094478 -1.273499 -1.234278
 -1.090449 -0.986309 -2.789113 -1.471816
 -1.587579 -2.153972 -2.020441 -0.603378
 -0.939106 -1.176778 -2.251288 -1.632252
 -1.127186 -1.842311 -1.305169 -1.400479
 -1.072345 -1.050366 -2.681778 -1.429019
 -1.481604 -1.887068 -2.069389 -0.703301
 -0.955513 -1.341174 -1.977160 -1.535329
 -1.536469 -1.654251 -1.207965 -1.221388
 -1.317581 -0.954676 -2.643246 -1.286809
 -1.190986 -1.604548 -1.852383 -1.084014
 -0.980830 -1.446919 -1.916921 -1.416147
 -1.382499 -1.787964 -1.215446 -1.254666
 -1.216396 -1.202602 -2.448536 -1.149256
 -1.051875 -1.604664 -1.876597 -1.215200
 -1.058608 -1.493925 -2.045991 -1.206243
 -1.621860 -1.708871 -1.504077 -0.918351
 -1.277661 -0.975380 -2.452643 -1.354034
 -1.009001 -1.593933 -1.519825 -1.543923
 -1.147403 -1.339774 -2.063690 -1.225364
 -1.945909 -1.290984 -1.344330 -1.134980
 -1.359143 -1.359143 -2.206439 -0.977776
 -1.180732 -1.613595 -1.821234 -1.102771
 -1.527373 -1.656584 -1.440361 -1.034897
 -2.223540 -1.530394 -1.252763 -0.942609
 -0.805626 -1.002336 -1.681093 -14.446785
 -0.891999 -1.082352 -1.380845 -14.419828
 -0.801882 -1.080594 -1.550597 -14.316288
 -1.304745 -1.201797 -0.848388 -14.933927
 -1.349023 -1.536234 -2.423535 -0.828489
 -1.553674 -1.488077 -1.719188 -0.958383
 -1.178655 -1.350505 -1.983027 -1.218929
 -1.386294 -1.386294 -1.386294 -1.386294
 -1.049165 -1.551256 -2.244401 -1.103232
 -1.083345 -1.940794 -1.746638 -1.068308
 -1.134981 -1.460402 -1.885283 -1.221992
 -1.319400 -1.431318 -1.684513 -1.177084
 -14.782495 -14.782495 -14.782495 -0.000001
 -14.380827 -14.380827 -14.380827 -0.000002
 -14.100693 -14.100693 -14.100693 -0.000002
 -14.808764 -14.808764 -14.808764 -0.000001
 -1.386294 -1.386294 -1.386294 -1.386294
 -1.386294 -1.386294 -1.386294 -1.386294
 -1.386294 -1.386294 -1.386294 -1.386294
 -1.369804 -1.276195 -1.346708 -1.576725
 -14.576319 -14.576319 -14.576319 -0.000001
 -14.669928 -14.669928 -14.669928 -0.000001
 -14.599414 -14.599414 -14.599414 -0.000001
 -14.369398 -14.369398 -14.369398 -0.000002
 -1.386294 -1.386294 -1.386294 -1.386294
 -1.386294 -1.386294 -1.386294 -1.386294
 -1.386294 -1.386294 -1.386294 -1.386294
 -0.000000 -15.946121 -15.946121 -15.946121
 -15.946121 -15.946121 -0.000000 -15.946121
 -1.386294 -1.386294 -1.386294 -1.386294
 -1.386294 -1.386294 -1.386294 -1.386294
 -1.386294 -1.386294 -1.386294 -1.386294
 -1.386294 -1.386294 -1.386294 -1.386294
 -1.386294 -1.386294 -1.386294 -1.386294
 -1.346708 -1.494033 -1.119009 -1.666876
 -1.386294 -1.386294 -1.386294 -1.386294
 -1.517870 -1.457246 -1.955083 -0.900436
 -1.391599 -1.578185 -1.983649 -0.897942
 -1.382665 -1.326312 -1.724950 -1.185955
 -1.701607 -1.307704 -1.405342 -1.197704
 -1.292398 -1.255357 -2.043813 -1.168346
 -1.357584 -1.065197 -1.960579 -1.357584
 -1.239064 -1.393215 -1.450373 -1.480226
 -1.765267 -1.208457 -1.507439 -1.175305
 -1.379364 0.000100 0.000100 0.000100
 -1.381208 0.000100 0.000100 0.000100
 -1.399830 0.000100 0.000100 0.000100
 -1.384905 0.000100 0.000100 0.000100
 -1.167211 -1.583085 -1.410527 -1.429575
 -1.186295 -1.458984 -1.431585 -1.499475
 -1.210889 -1.327884 -1.409109 -1.646781
 -1.671510 -1.364316 -1.251375 -1.307963
 -1.167365 -1.516347 -1.596071 -1.321966
 -1.219911 -1.472162 -1.612346 -1.287733
 -1.302949 -1.398260 -1.420732 -1.428337
 -1.759260 -1.393326 -1.312043 -1.170183
 -1.299283 -1.497109 -1.379326 -1.379326
 -1.167886 -1.434691 -1.394199 -1.595752
 -1.374124 -1.289131 -1.323032 -1.584248
 -1.670009 -1.364390 -1.281275 -1.278212
 -1.260542 -1.625056 -1.273487 -1.428180
 -1.153460 -1.476375 -1.460114 -1.497079
 -1.243489 -1.414186 -1.417843 -1.486051
 -1.646313 -1.400088 -1.151865 -1.408056
 -1.277862 -1.477510 -1.563501 -1.259624
 -1.176629 -1.413017 -1.641383 -1.368203
 -1.199062 -1.252329 -1.518957 -1.641215
 -1.652041 -1.429934 -1.369553 -1.155829
 -1.293318 -1.458957 -1.451631 -1.351026
 -1.232542 -1.448545 -1.501296 -1.383513
 -1.277972 -1.340738 -1.456499 -1.484150
 -1.841975 -1.330027 -1.165826 -1.326666
 -1.273896 -1.467577 -1.297426 -1.529967
 -1.128040 -1.519158 -1.329032 -1.646603
 -1.180271 -1.378941 -1.393702 -1.646079
 -1.726645 -1.372564 -1.202438 -1.316012
 -1.203689 -1.522142 -1.418346 -1.428965
 -1.153489 -1.440146 -1.576022 -1.423885
 -1.194349 -1.352734 -1.460665 -1.577529
 -1.566701 -1.291856 -1.428715 -1.284134
 -1.344821 -1.422783 -1.383042 -1.396114
 -1.236867 -1.449514 -1.461636 -1.414008
 -1.421098 -1.181426 -1.433677 -1.545151
 -1.717929 -1.369940 -1.254705 -1.268404
 -1.191078 -1.641278 -1.394878 -1.368412
 -1.153129 -1.529119 -1.375561 -1.537452
 -1.208592 -1.372564 -1.358124 -1.656616
 -1.646781 -1.324344 -1.293037 -1.320816
 -1.192923 -1.521732 -1.476949 -1.386294
 -1.164548 -1.472671 -1.602483 -1.357791
 -1.165490 -1.307704 -1.594279 -1.538351
 -1.577877 -1.425114 -1.404495 -1.178906
 -1.378197 -1.465795 -1.324809 -1.381428
 -1.105412 -1.506500 -1.510877 -1.484901
 -1.236528 -1.300340 -1.455136 -1.590609
 -1.713390 -1.386294 -1.241504 -1.270123
 -1.233413 -1.660451 -1.342847 -1.356546
 -1.166787 -1.555521 -1.362697 -1.506947
 -1.143438 -1.392708 -1.374492 -1.715306
 -1.674614 -1.300239 -1.242302 -1.380575
 -1.192089 -1.563790 -1.583912 -1.266197
 -1.308736 -1.474773 -1.567004 -1.229842
 -1.240568 -1.342567 -1.486701 -1.498397
 -1.777603 -1.336632 -1.360162 -1.166006
 -1.433490 -1.510749 -1.321091 -1.294860
 -1.353941 -1.423737 -1.444022 -1.328062
 -1.436331 -1.246036 -1.453953 -1.423316
 -1.968880 -1.257822 -1.156612 -1.341075
 -1.343198 -1.343198 -1.343198 -1.527992
 -1.191769 -1.513556 -1.387193 -1.485385
 -1.258461 -1.414665 -1.331859 -1.565823
 -1.665135 -1.377453 -1.165641 -1.398806
 -1.236366 -1.502738 -1.436694 -1.388979
 -1.210342 -1.435085 -1.536010 -1.392025
 -1.245126 -1.367728 -1.436960 -1.515212
 -1.702177 -1.340992 -1.393530 -1.177883
 -1.053671 -1.161245 -1.083976 -16.260464
 -0.935001 -1.147308 -1.238137 -16.168789
 -1.105553 -1.093684 -1.096638 -16.130024
 -1.361980 -1.122599 -0.871284 -16.210674
 -1.328593 -1.653001 -1.279677 -1.325958
 -1.248817 -1.588804 -1.385576 -1.351674
 -1.262868 -1.421769 -1.311421 -1.577773
 -1.386294 -1.386294 -1.386294 -1.386294
 -1.331175 -1.541001 -1.484275 -1.220780
 -1.333260 -1.523880 -1.494321 -1.223776
 -1.162454 -1.318929 -1.603359 -1.520324
 -1.474000 -1.495053 -1.465701 -1.152521
 -16.264790 -16.264790 -16.264790 -0.000000
 -16.117096 -16.117096 -16.117096 -0.000000
 -16.067856 -16.067856 -16.067856 -0.000000
 -16.305405 -16.305405 -16.305405 -0.000000
 -1.386294 -1.386294 -1.386294 -1.386294
 -1.386294 -1.386294 -1.386294 -1.386294
 -1.386294 -1.386294 -1.386294 -1.386294
 -1.576155 -1.230754 -1.423607 -1.345862
 -16.003807 -16.003807 -16.003807 -0.000000
 -16.349207 -16.349207 -16.349207 -0.000000
 -16.156355 -16.156355 -16.156355 -0.000000
 -16.234100 -16.234100 -16.234100 -0.000000
 -1.386294 -1.386294 -1.386294 -1.386294
 -1.386294 -1.386294 -1.386294 -1.386294
 -1.386294 -1.386294 -1.386294 -1.386294
 0.000000 -17.579962 -17.579962 -17.579962
 -17.579962 -17.579962 0.000000 -17.579962
 -1.386294 -1.386294 -1.386294 -1.386294
 -1.386294 -1.386294 -1.386294 -1.386294
 -1.386294 -1.386294 -1.386294 -1.386294
 -1.386294 -1.386294 -1.386294 -1.386294
 -1.386294 -1.386294 -1.386294 -1.386294
 -1.135444 -1.258109 -1.631468 -1.615017
 -1.386294 -1.386294 -1.386294 -1.386294
 -1.408177 -1.411131 -1.342533 -1.384852
 -1.306377 -1.483891 -1.578122 -1.217109
 -1.165999 -1.300073 -1.590658 -1.550767
 -1.612940 -1.303566 -1.342958 -1.316525
 -1.274259 -1.651014 -1.376389 -1.287289
 -1.209238 -1.665670 -1.187732 -1.572144
 -1.241942 -1.446424 -1.255735 -1.656005
 -1.510802 -1.569152 -1.150894 -1.367702
