 -1.244414 0.000100 0.000100 0.000100
 -1.495728 0.000100 0.000100 0.000100
 -1.462280 0.000100 0.000100 0.000100
 -1.362197 0.000100 0.000100 0.000100
 -1.329724 -1.413106 -1.552867 -1.271455
 -1.078410 -2.045991 -1.379515 -1.276861
 -1.132061 -1.589893 -1.386294 -1.497520
 -1.568615 -1.756667 -1.134981 -1.211941
 -1.225952 -1.501364 -1.526056 -1.323116
 -1.496109 -2.189252 -1.272966 -0.957114
 -1.178655 -1.518981 -1.546379 -1.345709
 -1.716047 -1.468211 -1.192800 -1.249958
 -1.261840 -1.398416 -1.556639 -1.350788
 -1.040202 -1.712294 -1.754854 -1.226788
 -0.995072 -1.495027 -1.671957 -1.522426
 -1.450833 -1.568616 -1.306252 -1.250162
 -1.237875 -1.309333 -1.687399 -1.366492
 -1.194627 -1.777772 -1.864783 -0.985536
 -1.098613 -1.365241 -1.483024 -1.690662
 -1.542373 -1.719303 -1.183000 -1.202048
 -1.370208 -1.159913 -1.786368 -1.328536
 -1.192545 -1.575536 -1.798679 -1.126587
 -1.332227 -1.057791 -1.834317 -1.473305
 -1.515127 -1.593088 -1.490434 -1.045124
 -1.279751 -1.217876 -1.994403 -1.238079
 -1.336145 -1.501224 -2.120261 -0.930680
 -1.115563 -1.252763 -1.643628 -1.643628
 -1.237339 -1.679171 -1.330865 -1.350667
 -1.077559 -1.175999 -2.100945 -1.475242
 -1.218757 -2.124463 -1.977860 -0.806225
 -1.215337 -1.244325 -1.937469 -1.304949
 -1.047581 -1.920067 -1.226922 -1.563394
 -1.070833 -1.127186 -2.316767 -1.449269
 -1.220902 -1.638636 -2.631882 -0.823601
 -1.081806 -1.304949 -1.880311 -1.438480
 -1.098613 -1.967648 -1.236763 -1.441557
 -1.280934 -1.155771 -1.791759 -1.424035
 -1.275753 -2.092511 -2.471998 -0.667506
 -1.023812 -1.051211 -2.236829 -1.690289
 -1.317666 -2.164961 -1.202153 -1.149044
 -1.528175 -0.847299 -2.297305 -1.370546
 -2.025372 -2.025372 -2.330752 -0.448026
 -1.248425 -0.983733 -1.800491 -1.749198
 -1.060872 -2.005332 -1.147884 -1.599868
 -1.098613 -1.045503 -1.970449 -1.738649
 -1.963608 -1.883566 -2.433609 -0.478226
 -1.336698 -0.858663 -2.205731 -1.592630
 -1.133881 -1.752919 -1.282916 -1.479626
 -1.037652 -1.005904 -2.274411 -1.730798
 -1.728700 -2.134164 -2.134164 -0.534780
 -0.911630 -1.089311 -2.593379 -1.677095
 -1.046344 -1.857273 -1.297658 -1.516347
 -1.084224 -0.976011 -3.030126 -1.440898
 -1.845825 -1.979356 -2.079439 -0.546545
 -0.753774 -1.533930 -2.322382 -1.533930
 -0.903552 -2.228474 -1.265667 -1.584120
 -1.041454 -1.041454 -2.690108 -1.486140
 -1.105680 -1.960093 -1.960093 -0.948495
 -0.759107 -1.109309 -2.346063 -2.240704
 -1.198961 -1.766943 -1.267953 -1.401484
 -1.214215 -1.064275 -3.035819 -1.171042
 -0.999406 -1.628014 -1.958254 -1.222550
 -0.967585 -1.427116 -1.832579 -1.514127
 -1.462280 -1.516347 -1.410987 -1.187844
 -1.257677 -1.000633 -2.182623 -1.446919
 -1.209838 -1.504077 -1.707675 -1.209838
 -1.034075 -1.555370 -1.609437 -1.455287
 -1.696925 -1.402126 -1.423632 -1.109139
 -1.456912 -1.200192 -2.079439 -1.076140
 -0.938891 -1.855180 -1.661025 -1.337238
 -1.304949 -1.592630 -1.679641 -1.081806
 -1.712978 -1.495914 -1.359339 -1.082352
 -1.432814 -1.219241 -1.951607 -1.127433
 -1.245937 -1.517870 -1.805551 -1.112406
 -1.496109 -1.394326 -1.832580 -0.999673
 -1.786985 -1.450514 -1.335001 -1.093840
 -1.183771 -1.435084 -2.157216 -1.078410
 -1.386294 -1.488948 -1.804028 -1.022330
 -1.323774 -1.236763 -1.729238 -1.323774
 -1.964174 -1.842814 -1.208508 -0.909527
 -1.181994 -1.752538 -1.919591 -0.985284
 -1.436484 -1.743968 -1.743968 -0.885308
 -1.515506 -1.417066 -1.838278 -0.970780
 -1.945909 -1.491174 -1.299283 -1.023578
 -0.781441 -0.895385 -2.011386 -14.166170
 -1.144075 -0.730889 -1.609437 -14.115618
 -1.003997 -1.025051 -1.291679 -14.085541
 -1.370294 -1.131402 -0.859469 -14.723771
 -14.599414 -0.313899 -1.311534 -14.599414
 -14.731803 -0.858022 -0.551649 -14.731803
 -14.441451 -0.577150 -0.824390 -14.441451
 -1.386294 -1.386294 -1.386294 -1.386294
 -1.386294 -1.386294 -1.386294 -1.386294
 -15.126543 -15.126543 -15.126543 -0.000001
 -14.862831 -14.862831 -14.862831 -0.000001
 -1.386294 -1.386294 -1.386294 -1.386294
 -1.386294 -1.386294 -1.386294 -1.386294
 -1.386294 -1.386294 -1.386294 -1.386294
 -1.386294 -1.386294 -1.386294 -1.386294
 -0.000001 -15.696502 -15.696502 -15.696502
 -15.696502 -15.696502 -0.000000 -15.696502
 -1.386294 -1.386294 -1.386294 -1.386294
 -1.386294 -1.386294 -1.386294 -1.386294
 -1.386294 -1.386294 -1.386294 -1.386294
 -1.386294 -1.386294 -1.386294 -1.386294
 -1.386294 -1.386294 -1.386294 -1.386294
 -1.260414 -1.618626 -1.065626 -1.749962
 -1.386294 -1.386294 -1.386294 -1.386294
 -1.562185 -1.397105 -1.967648 -0.908259
 -1.466337 -1.571697 -2.382622 -0.756662
 -1.413202 -1.261652 -1.837015 -1.157856
 -2.338298 -1.152680 -1.645155 -0.929537
 -1.241714 -1.439539 -2.132683 -1.034075
 -1.261472 -1.346629 -1.626930 -1.346629
 -1.306252 -1.232144 -1.473305 -1.568615
 -1.815856 -1.266749 -1.435084 -1.147403
 -1.430672 0.000100 0.000100 0.000100
 -1.373000 0.000100 0.000100 0.000100
 -1.293558 0.000100 0.000100 0.000100
 -1.455803 0.000100 0.000100 0.000100
 -1.254711 -1.490304 -1.355154 -1.462613
 -1.162141 -1.491298 -1.431874 -1.499494
 -1.184506 -1.449787 -1.306807 -1.667071
 -1.694818 -1.276751 -1.243327 -1.390294
 -1.248528 -1.475005 -1.460272 -1.377841
 -1.217789 -1.493001 -1.585513 -1.292526
 -1.242664 -1.280052 -1.549904 -1.509165
 -1.835734 -1.251976 -1.352253 -1.217708
 -1.348274 -1.528197 -1.262836 -1.424892
 -1.262915 -1.453714 -1.415174 -1.424671
 -1.280934 -1.293982 -1.328336 -1.697572
 -1.813559 -1.338061 -1.165490 -1.336350
 -1.235548 -1.573002 -1.291071 -1.483128
 -1.199094 -1.544397 -1.313743 -1.531181
 -1.184360 -1.395183 -1.360092 -1.662663
 -1.684505 -1.277250 -1.288041 -1.347649
 -1.254683 -1.468898 -1.454192 -1.382041
 -1.256457 -1.415224 -1.633823 -1.282705
 -1.097746 -1.290512 -1.634889 -1.628245
 -1.774585 -1.308070 -1.391030 -1.167043
 -1.346515 -1.452058 -1.304708 -1.450235
 -1.255973 -1.348554 -1.444746 -1.515127
 -1.332650 -1.254637 -1.423911 -1.559349
 -1.701797 -1.319031 -1.211123 -1.376790
 -1.333590 -1.517341 -1.307157 -1.400035
 -1.217178 -1.460540 -1.382723 -1.509908
 -1.190028 -1.364798 -1.345881 -1.714552
 -1.694933 -1.341293 -1.180807 -1.394930
 -1.192734 -1.491606 -1.476072 -1.414428
 -1.207830 -1.430571 -1.645200 -1.313012
 -1.132218 -1.370117 -1.539016 -1.565359
 -1.751816 -1.269092 -1.362545 -1.239786
 -1.405278 -1.438182 -1.309504 -1.396796
 -1.218737 -1.451020 -1.445050 -1.451020
 -1.342252 -1.244940 -1.364543 -1.633280
 -1.776999 -1.288959 -1.201807 -1.367878
 -1.250844 -1.512034 -1.377686 -1.422484
 -1.207899 -1.463328 -1.400867 -1.499117
 -1.261775 -1.304402 -1.374547 -1.647346
 -1.665079 -1.250036 -1.234558 -1.455145
 -1.317389 -1.521515 -1.384982 -1.333864
 -1.255072 -1.355411 -1.545995 -1.410572
 -1.195356 -1.353707 -1.502959 -1.529464
 -1.803369 -1.328204 -1.376895 -1.145882
 -1.328536 -1.463039 -1.262722 -1.510857
 -1.173296 -1.509466 -1.405163 -1.494775
 -1.374437 -1.247311 -1.380348 -1.569014
 -1.755070 -1.313796 -1.151779 -1.417854
 -1.294937 -1.475557 -1.293235 -1.500351
 -1.183524 -1.490525 -1.385370 -1.521810
 -1.195958 -1.348476 -1.303811 -1.793031
 -1.708648 -1.304138 -1.204146 -1.396203
 -1.330771 -1.458010 -1.448759 -1.316149
 -1.294562 -1.342316 -1.625179 -1.317270
 -1.210239 -1.281275 -1.564875 -1.536761
 -1.786280 -1.258549 -1.413022 -1.187624
 -1.417294 -1.389489 -1.260997 -1.491402
 -1.225903 -1.410943 -1.514088 -1.416402
 -1.425621 -1.252499 -1.307594 -1.592675
 -1.800704 -1.310026 -1.132115 -1.416120
 -1.265711 -1.595191 -1.285198 -1.433404
 -1.159683 -1.520017 -1.374339 -1.538517
 -1.251066 -1.399545 -1.305958 -1.628731
 -1.681442 -1.280528 -1.249978 -1.388325
 -1.223603 -1.605128 -1.435430 -1.320677
 -1.247604 -1.463058 -1.573158 -1.295023
 -1.118990 -1.341805 -1.563308 -1.596645
 -1.611003 -1.312931 -1.385252 -1.269323
 -1.401357 -1.414940 -1.248412 -1.496836
 -1.150417 -1.473482 -1.475603 -1.488424
 -1.369934 -1.265994 -1.308951 -1.640854
 -1.680558 -1.310945 -1.179113 -1.441328
 -1.262366 -1.434525 -1.353730 -1.511799
 -1.263306 -1.544558 -1.345636 -1.412630
 -1.228877 -1.392249 -1.404267 -1.544979
 -1.727946 -1.250920 -1.265762 -1.370085
 -1.231257 -1.548761 -1.406914 -1.383636
 -1.235130 -1.594372 -1.548702 -1.225390
 -1.115276 -1.509227 -1.511249 -1.467678
 -1.696997 -1.444162 -1.316499 -1.162348
 -1.027765 -1.375384 -0.943016 -16.980986
 -1.056253 -1.256241 -1.000974 -16.745104
 -1.119540 -1.165916 -1.016296 -16.825146
 -1.451666 -1.249325 -0.735801 -16.960955
 -17.113197 -0.676648 -0.709923 -17.113197
 -17.005987 -0.604971 -0.789858 -17.005987
 -17.358786 -0.653460 -0.734475 -17.358786
 -1.386294 -1.386294 -1.386294 -1.386294
 -1.386294 -1.386294 -1.386294 -1.386294
 -17.622395 -17.622395 -17.622395 -0.000000
 -17.527130 -17.527130 -17.527130 -0.000000
 -1.386294 -1.386294 -1.386294 -1.386294
 -1.386294 -1.386294 -1.386294 -1.386294
 -1.386294 -1.386294 -1.386294 -1.386294
 -1.386294 -1.386294 -1.386294 -1.386294
 0.000000 -18.269043 -18.269043 -18.269043
 -18.269043 -18.269043 0.000000 -18.269043
 -1.386294 -1.386294 -1.386294 -1.386294
 -1.386294 -1.386294 -1.386294 -1.386294
 -1.386294 -1.386294 -1.386294 -1.386294
 -1.386294 -1.386294 -1.386294 -1.386294
 -1.386294 -1.386294 -1.386294 -1.386294
 -1.214071 -1.198132 -1.685329 -1.533063
 -1.386294 -1.386294 -1.386294 -1.386294
 -1.358472 -1.397327 -1.296414 -1.504273
 -1.302373 -1.363796 -1.634034 -1.282709
 -1.318935 -1.295732 -1.532733 -1.414950
 -1.567215 -1.381454 -1.279533 -1.339431
 -1.259455 -1.702910 -1.252993 -1.392755
 -1.140459 -1.644659 -1.302476 -1.535297
 -1.167813 -1.469086 -1.271099 -1.724318
 -1.497384 -1.493252 -1.234860 -1.344121
