 -1.226606 0.000100 0.000100 0.000100
 -1.486564 0.000100 0.000100 0.000100
 -1.486564 0.000100 0.000100 0.000100
 -1.368781 0.000100 0.000100 0.000100
 -1.104655 -1.350788 -1.615480 -1.556639
 -1.355523 -1.484734 -2.018814 -0.960211
 -1.114361 -1.355523 -1.961656 -1.296682
 -1.834317 -1.414465 -1.098613 -1.332227
 -1.246249 -1.475090 -1.533930 -1.316866
 -1.157453 -1.574346 -1.763587 -1.180443
 -0.946929 -1.457753 -1.618095 -1.709067
 -1.559738 -1.590509 -1.206099 -1.249584
 -1.305326 -1.374318 -1.615480 -1.283347
 -1.285824 -1.767660 -1.816450 -0.940985
 -1.015547 -1.378451 -1.548350 -1.753143
 -1.544899 -1.514127 -1.347074 -1.181994
 -1.124421 -1.295046 -1.965201 -1.342674
 -1.214445 -1.961656 -1.961656 -0.863047
 -1.282616 -1.168206 -2.071070 -1.252763
 -1.450010 -1.621860 -1.258955 -1.258955
 -1.086190 -1.519825 -1.707877 -1.337504
 -1.153963 -2.094943 -1.609437 -1.017388
 -1.319284 -1.357024 -1.781905 -1.181134
 -1.638425 -1.609437 -1.157453 -1.232961
 -1.336284 -1.336284 -1.648658 -1.265667
 -1.351203 -2.639048 -1.422662 -0.847299
 -1.180626 -1.106518 -1.848453 -1.586090
 -1.229641 -1.845825 -1.152680 -1.452784
 -1.262242 -1.043553 -2.235687 -1.355332
 -1.244325 -2.205731 -1.512588 -0.964023
 -1.378690 -1.046557 -1.930756 -1.378690
 -1.399033 -1.661397 -1.191394 -1.349023
 -0.991929 -1.256080 -2.126905 -1.490919
 -1.510998 -2.204142 -1.932209 -0.646002
 -1.174121 -1.116962 -1.867265 -1.564986
 -1.361602 -1.673976 -1.183354 -1.386294
 -1.309561 -0.982877 -2.203375 -1.404871
 -1.570217 -2.263360 -2.748863 -0.471607
 -1.321756 -1.098613 -1.820745 -1.435084
 -1.145959 -1.934414 -1.261472 -1.369102
 -1.079195 -1.098613 -2.545526 -1.392852
 -1.678963 -2.125248 -2.332886 -0.515815
 -0.966442 -1.056054 -2.324557 -1.749198
 -0.954443 -2.286666 -1.242125 -1.493439
 -1.171885 -0.772286 -2.730023 -1.813737
 -1.592630 -1.937469 -2.824764 -0.522191
 -1.145133 -0.788459 -2.867883 -1.769284
 -1.200192 -1.803187 -1.432814 -1.219241
 -1.155771 -0.839102 -3.295823 -1.532248
 -1.774367 -1.845825 -2.251289 -0.566954
 -1.098614 -1.145134 -1.887066 -1.624704
 -1.129010 -1.859896 -1.454432 -1.246793
 -0.875470 -1.006806 -3.663539 -1.648658
 -1.443453 -1.711716 -2.330752 -0.721319
 -0.679544 -1.582408 -2.344540 -1.651400
 -1.185153 -1.930484 -1.391489 -1.202248
 -1.129865 -1.038894 -2.500407 -1.422852
 -1.504077 -1.540444 -2.003066 -0.847299
 -0.793954 -1.805550 -2.344540 -1.245938
 -1.255674 -1.969439 -1.215669 -1.276294
 -1.202048 -1.110241 -2.956058 -1.145959
 -1.245216 -1.663925 -1.663925 -1.098613
 -0.899943 -1.871799 -2.431410 -1.045125
 -1.552279 -1.524880 -1.446919 -1.092748
 -1.332550 -1.033308 -3.301976 -1.068399
 -1.594512 -1.393842 -1.632252 -1.040202
 -1.462280 -1.410987 -1.767660 -1.039425
 -1.869145 -1.344622 -1.324419 -1.142098
 -1.438480 -1.033016 -2.285773 -1.187166
 -1.225027 -1.641186 -1.641186 -1.143349
 -1.473305 -1.619908 -1.345473 -1.163152
 -1.731134 -1.593933 -1.365675 -1.009001
 -1.211636 -1.161626 -2.390285 -1.211636
 -1.264280 -1.739702 -1.617100 -1.068536
 -1.671130 -1.394878 -1.817733 -0.912028
 -1.704747 -1.493439 -1.567547 -0.954443
 -1.299283 -1.481604 -2.580210 -0.857451
 -1.378914 -1.191703 -1.909541 -1.216396
 -1.386294 -1.345473 -1.856295 -1.098613
 -1.649644 -1.529016 -1.342914 -1.108514
 -1.279431 -1.558144 -2.405437 -0.864999
 -1.252763 -1.252763 -1.997201 -1.228071
 -1.812377 -1.001450 -1.945907 -1.119233
 -1.717651 -1.341174 -1.871801 -0.903552
 -14.062374 -14.062374 -14.062374 -0.000002
 -14.253768 -14.253768 -14.253768 -0.000002
 -13.527834 -13.527834 -13.527834 -0.000004
 -14.547880 -14.547880 -14.547880 -0.000001
 -1.386294 -1.386294 -1.386294 -1.386294
 -1.386294 -1.386294 -1.386294 -1.386294
 -1.386294 -1.386294 -1.386294 -1.386294
 -15.548935 -15.548935 -0.000001 -15.548935
 -1.386294 -1.386294 -1.386294 -1.386294
 -1.386294 -1.386294 -1.386294 -1.386294
 -15.548935 -0.000001 -15.548935 -15.548935
 -1.386294 -1.386294 -1.386294 -1.386294
 -1.386294 -1.386294 -1.386294 -1.386294
 -0.000001 -15.548935 -15.548935 -15.548935
 -1.386294 -1.386294 -1.386294 -1.386294
 -1.386294 -1.386294 -1.386294 -1.386294
 -15.548935 -15.548935 -0.000001 -15.548935
 -1.386294 -1.386294 -1.386294 -1.386294
 -1.386294 -1.386294 -1.386294 -1.386294
 -1.386294 -1.386294 -1.386294 -1.386294
 -1.386294 -1.386294 -1.386294 -1.386294
 -1.386294 -1.386294 -1.386294 -1.386294
 -1.314714 -1.404120 -1.208695 -1.675155
 -1.386294 -1.386294 -1.386294 -1.386294
 -1.728043 -1.656584 -1.412963 -0.946344
 -1.602269 -1.408113 -1.468738 -1.127812
 -1.441019 -1.159607 -1.871801 -1.217876
 -2.024378 -1.197704 -1.296144 -1.229452
 -1.136001 -1.600305 -2.052287 -1.053763
 -1.259543 -1.359626 -2.052771 -1.105393
 -1.264934 -1.131403 -1.642227 -1.601405
 -1.962258 -1.142819 -1.506783 -1.142819
 -1.323623 0.000100 0.000100 0.000100
 -1.404367 0.000100 0.000100 0.000100
 -1.451032 0.000100 0.000100 0.000100
 -1.370499 0.000100 0.000100 0.000100
 -1.511582 -1.362286 -1.203973 -1.498950
 -1.401609 -1.501042 -1.274269 -1.381241
 -1.449843 -1.268275 -1.302828 -1.549688
 -1.828671 -1.395148 -1.048005 -1.423206
 -1.248144 -1.438563 -1.381675 -1.493715
 -1.205951 -1.481604 -1.414352 -1.468645
 -1.196568 -1.300109 -1.356199 -1.785996
 -1.744655 -1.258675 -1.254909 -1.361942
 -1.328725 -1.499919 -1.353505 -1.371588
 -1.250339 -1.396051 -1.604595 -1.327842
 -1.217837 -1.295448 -1.450769 -1.629817
 -1.899808 -1.312022 -1.329264 -1.150572
 -1.328155 -1.506042 -1.202992 -1.546680
 -1.287854 -1.421386 -1.442005 -1.401183
 -1.257462 -1.200507 -1.473306 -1.685150
 -1.998949 -1.256669 -1.092781 -1.407970
 -1.296860 -1.536296 -1.359626 -1.367756
 -1.234863 -1.503127 -1.352646 -1.477809
 -1.219102 -1.424867 -1.275543 -1.689105
 -1.793994 -1.233420 -1.181169 -1.446082
 -1.314374 -1.447397 -1.395901 -1.392047
 -1.220273 -1.442543 -1.572960 -1.342875
 -1.235254 -1.289668 -1.473306 -1.586160
 -1.747259 -1.212518 -1.314568 -1.348184
 -1.466975 -1.320560 -1.313418 -1.454604
 -1.297692 -1.393003 -1.452426 -1.408507
 -1.364543 -1.212737 -1.397879 -1.609438
 -1.849946 -1.249172 -1.102732 -1.495889
 -1.179738 -1.515506 -1.390633 -1.495993
 -1.271541 -1.428933 -1.391754 -1.463618
 -1.292242 -1.236763 -1.420991 -1.642228
 -1.730941 -1.247825 -1.302957 -1.331706
 -1.330827 -1.473651 -1.390104 -1.356330
 -1.262881 -1.503119 -1.520511 -1.286896
 -1.247348 -1.303900 -1.568813 -1.456840
 -1.778687 -1.251120 -1.468532 -1.156158
 -1.474557 -1.491873 -1.132582 -1.496250
 -1.222983 -1.379381 -1.431918 -1.536818
 -1.380821 -1.338079 -1.281153 -1.567519
 -1.930320 -1.256467 -1.151756 -1.369795
 -1.267057 -1.463430 -1.454040 -1.373279
 -1.226887 -1.448376 -1.380486 -1.512364
 -1.216073 -1.285066 -1.439217 -1.661455
 -1.707499 -1.268267 -1.287992 -1.341174
 -1.274970 -1.503143 -1.470082 -1.315932
 -1.238810 -1.326126 -1.676564 -1.355758
 -1.210662 -1.248273 -1.624551 -1.523260
 -1.785245 -1.320939 -1.312809 -1.216395
 -1.399717 -1.407469 -1.242813 -1.514128
 -1.284388 -1.413481 -1.390133 -1.466018
 -1.455449 -1.273937 -1.249936 -1.607175
 -1.900000 -1.269684 -1.103418 -1.436428
 -1.268267 -1.410767 -1.384099 -1.495324
 -1.257054 -1.440044 -1.392977 -1.468560
 -1.243767 -1.228952 -1.474402 -1.659735
 -1.742810 -1.175038 -1.322592 -1.387410
 -1.185363 -1.506947 -1.489852 -1.396856
 -1.268511 -1.404848 -1.515633 -1.371696
 -1.204644 -1.197955 -1.623622 -1.603420
 -1.742488 -1.220190 -1.445237 -1.224000
 -1.427888 -1.564181 -1.076633 -1.559766
 -1.234568 -1.462578 -1.318935 -1.560737
 -1.197561 -1.321472 -1.360523 -1.744105
 -1.955991 -1.383290 -1.002118 -1.424112
 -1.247648 -1.493366 -1.381179 -1.440020
 -1.218357 -1.452157 -1.430081 -1.465641
 -1.191193 -1.311957 -1.339190 -1.803077
 -1.707714 -1.287114 -1.253356 -1.358255
 -1.293814 -1.472143 -1.399174 -1.388124
 -1.195110 -1.438056 -1.671671 -1.301924
 -1.230909 -1.176496 -1.674937 -1.549774
 -1.729655 -1.309249 -1.393183 -1.189584
 -1.537008 -1.577102 -1.130089 -1.364928
 -1.348837 -1.490807 -1.461577 -1.260907
 -1.492675 -1.298519 -1.241360 -1.545043
 -1.986329 -1.279196 -1.025955 -1.486836
 -1.285473 -1.370919 -1.644614 -1.285473
 -1.202616 -1.261970 -1.789725 -1.388333
 -1.249051 -1.032268 -1.746517 -1.700213
 -1.613490 -1.091559 -1.726210 -1.247720
 -16.186689 -16.186689 -16.186689 -0.000000
 -16.344435 -16.344435 -16.344435 -0.000000
 -15.779822 -15.779822 -15.779822 -0.000000
 -16.099932 -16.099932 -16.099932 -0.000000
 -1.386294 -1.386294 -1.386294 -1.386294
 -1.386294 -1.386294 -1.386294 -1.386294
 -1.386294 -1.386294 -1.386294 -1.386294
 -17.509378 -17.509378 -0.000000 -17.509378
 -1.386294 -1.386294 -1.386294 -1.386294
 -1.386294 -1.386294 -1.386294 -1.386294
 -17.509378 0.000000 -17.509378 -17.509378
 -1.386294 -1.386294 -1.386294 -1.386294
 -1.386294 -1.386294 -1.386294 -1.386294
 0.000000 -17.509378 -17.509378 -17.509378
 -1.386294 -1.386294 -1.386294 -1.386294
 -1.386294 -1.386294 -1.386294 -1.386294
 -17.509378 -17.509378 -0.000000 -17.509378
 -1.386294 -1.386294 -1.386294 -1.386294
 -1.386294 -1.386294 -1.386294 -1.386294
 -1.386294 -1.386294 -1.386294 -1.386294
 -1.386294 -1.386294 -1.386294 -1.386294
 -1.386294 -1.386294 -1.386294 -1.386294
 -1.215649 -1.131999 -1.582442 -1.739422
 -1.386294 -1.386294 -1.386294 -1.386294
 -1.234063 -1.452176 -1.413507 -1.462987
 -1.206033 -1.430466 -1.637609 -1.320599
 -1.107123 -1.175331 -1.904410 -1.551809
 -1.654340 -1.312591 -1.377832 -1.246409
 -1.351052 -1.527983 -1.203681 -1.496234
 -1.254215 -1.431802 -1.392114 -1.481604
 -1.399429 -1.191790 -1.338804 -1.674372
 -1.832581 -1.410587 -1.044124 -1.410587
