 -1.245453 0.000100 0.000100 0.000100
 -1.483412 0.000100 0.000100 0.000100
 -1.560970 0.000100 0.000100 0.000100
 -1.289549 0.000100 0.000100 0.000100
 -1.171816 -1.498212 -1.712622 -1.250804
 -1.160171 -1.719785 -1.432104 -1.314321
 -0.949081 -1.397105 -1.670398 -1.729238
 -1.585145 -1.605348 -1.307514 -1.127721
 -1.110041 -1.465075 -1.725801 -1.341843
 -1.093308 -1.598855 -1.869145 -1.175999
 -1.114117 -1.422852 -1.609437 -1.466337
 -1.564440 -1.365590 -1.349329 -1.286809
 -1.299283 -1.327454 -1.663926 -1.299283
 -1.221845 -1.866982 -1.595049 -1.056053
 -1.438480 -1.081806 -1.649788 -1.462577
 -1.540445 -1.580450 -1.195605 -1.282616
 -1.076730 -1.488709 -1.682865 -1.395183
 -1.362874 -1.825497 -1.523216 -1.008053
 -1.161133 -1.145133 -1.956061 -1.481604
 -1.593627 -1.787783 -1.181648 -1.131004
 -1.206709 -1.354034 -1.886249 -1.234489
 -1.152680 -1.951186 -1.845826 -0.956565
 -1.151817 -1.088303 -2.043813 -1.525020
 -1.382441 -1.531476 -1.337320 -1.308333
 -1.174802 -1.322722 -1.973308 -1.252763
 -1.208724 -2.132980 -2.173802 -0.756739
 -1.313974 -1.049823 -1.779336 -1.548813
 -1.434304 -1.653357 -1.268512 -1.241113
 -1.289881 -1.205324 -1.820508 -1.335001
 -1.323013 -2.035207 -1.796796 -0.827398
 -1.197704 -1.025854 -2.124463 -1.513556
 -1.231636 -1.949474 -1.281646 -1.243906
 -1.059545 -1.156005 -2.306575 -1.431108
 -1.412003 -1.950998 -1.915906 -0.761416
 -0.992665 -1.398129 -1.839960 -1.498212
 -1.184268 -1.953400 -1.221539 -1.356881
 -1.252763 -0.934310 -2.376691 -1.475906
 -1.380961 -2.397892 -2.458516 -0.558281
 -1.183354 -0.948040 -2.302581 -1.578666
 -1.162379 -1.706680 -1.322722 -1.429694
 -1.142357 -1.083168 -2.504550 -1.344383
 -1.532006 -2.167993 -1.908483 -0.651648
 -1.206601 -0.873896 -2.136133 -1.799663
 -1.239691 -1.754854 -1.306830 -1.320817
 -1.118980 -0.938718 -2.874366 -1.488077
 -1.623622 -1.960093 -2.142414 -0.607703
 -1.299283 -1.011602 -2.072470 -1.436484
 -1.235188 -1.671615 -1.437214 -1.259881
 -0.975380 -1.066352 -2.663951 -1.565342
 -1.534714 -1.863217 -2.451002 -0.610456
 -0.759840 -1.293921 -2.112228 -1.987066
 -1.112697 -1.612940 -1.379326 -1.512857
 -1.119232 -0.974050 -2.464701 -1.556445
 -1.420032 -1.501710 -2.173802 -0.863223
 -0.991641 -1.209364 -2.335370 -1.452986
 -1.118260 -2.083339 -1.329568 -1.258617
 -1.091418 -1.028898 -2.679575 -1.434363
 -1.574802 -1.250563 -1.898588 -1.030501
 -0.889522 -1.394076 -2.151759 -1.492516
 -1.270710 -1.749199 -1.215902 -1.390255
 -1.245216 -0.960829 -2.742731 -1.327454
 -1.136834 -1.630491 -1.767066 -1.163151
 -1.201645 -1.325259 -2.072470 -1.178656
 -1.647822 -1.605262 -1.302076 -1.094437
 -1.226258 -1.212272 -2.716344 -1.070098
 -1.192641 -1.447988 -1.871801 -1.178655
 -1.337842 -1.056940 -2.240706 -1.259881
 -2.011191 -1.318045 -1.534268 -0.959983
 -1.180984 -1.327587 -2.112540 -1.180984
 -1.543136 -1.323774 -1.642227 -1.118980
 -1.427116 -1.331806 -1.737270 -1.139435
 -1.890430 -1.507439 -1.379605 -0.978595
 -1.355835 -1.506658 -2.495265 -0.825208
 -1.071945 -1.510857 -1.876316 -1.259543
 -1.249843 -1.171372 -1.922786 -1.357474
 -1.893780 -1.343735 -1.657392 -0.921321
 -1.299283 -1.442384 -2.302583 -0.939281
 -1.381820 -1.693599 -1.669502 -0.976356
 -1.245216 -1.356441 -1.887068 -1.193923
 -1.788549 -1.357766 -1.550138 -1.012406
 -1.168993 -1.521213 -2.619821 -0.921158
 -1.461518 -1.255182 -1.749199 -1.173836
 -1.544899 -1.181994 -1.752538 -1.181994
 -1.788668 -1.300316 -1.395626 -1.162532
 -14.498610 -14.498610 -14.498610 -0.000002
 -14.682612 -14.682612 -14.682612 -0.000001
 -14.266589 -14.266589 -14.266589 -0.000002
 -14.890514 -14.890514 -14.890514 -0.000001
 -1.386294 -1.386294 -1.386294 -1.386294
 -1.386294 -1.386294 -1.386294 -1.386294
 -1.386294 -1.386294 -1.386294 -1.386294
 -0.807831 -1.310253 -15.997058 -1.257288
 -15.189227 -0.000001 -15.189227 -15.189227
 -14.686806 -0.000001 -14.686806 -14.686806
 -1.386294 -1.386294 -1.386294 -1.386294
 -14.739771 -0.000001 -14.739771 -14.739771
 -1.386294 -1.386294 -1.386294 -1.386294
 -0.000000 -15.997058 -15.997058 -15.997058
 -1.386294 -1.386294 -1.386294 -1.386294
 -1.386294 -1.386294 -1.386294 -1.386294
 -15.997058 -15.997058 -0.000000 -15.997058
 -1.386294 -1.386294 -1.386294 -1.386294
 -1.386294 -1.386294 -1.386294 -1.386294
 -1.386294 -1.386294 -1.386294 -1.386294
 -1.386294 -1.386294 -1.386294 -1.386294
 -1.386294 -1.386294 -1.386294 -1.386294
 -1.269264 -1.582710 -1.106544 -1.699121
 -1.386294 -1.386294 -1.386294 -1.386294
 -1.439915 -1.474401 -1.879866 -0.963577
 -1.442806 -1.160956 -1.836710 -1.233715
 -1.505785 -1.147573 -1.895982 -1.169313
 -1.686398 -1.175574 -1.504077 -1.258955
 -1.140069 -1.294220 -2.105148 -1.257852
 -1.258617 -1.541743 -1.617250 -1.192367
 -1.464072 -1.098613 -1.589235 -1.464072
 -1.914819 -1.067522 -1.525355 -1.233649
 -1.340810 0.000100 0.000100 0.000100
 -1.359300 0.000100 0.000100 0.000100
 -1.422285 0.000100 0.000100 0.000100
 -1.425603 0.000100 0.000100 0.000100
 -1.295854 -1.462401 -1.372648 -1.422040
 -1.249851 -1.360199 -1.492865 -1.460522
 -1.238374 -1.270307 -1.426426 -1.664771
 -1.822557 -1.166063 -1.296932 -1.372677
 -1.326387 -1.354939 -1.370300 -1.502506
 -1.215793 -1.356682 -1.474284 -1.527542
 -1.218868 -1.279322 -1.432507 -1.673976
 -1.796124 -1.290034 -1.197894 -1.358801
 -1.225322 -1.453412 -1.490453 -1.397172
 -1.252015 -1.383305 -1.503703 -1.422884
 -1.137425 -1.328351 -1.500943 -1.652749
 -1.764042 -1.211252 -1.300341 -1.353300
 -1.344164 -1.417296 -1.304076 -1.489655
 -1.257955 -1.314875 -1.532676 -1.464038
 -1.271262 -1.254683 -1.423641 -1.642370
 -1.892292 -1.263495 -1.206253 -1.319410
 -1.307033 -1.419762 -1.389958 -1.433298
 -1.223999 -1.341940 -1.472427 -1.535994
 -1.285228 -1.234428 -1.356739 -1.743470
 -1.863993 -1.221252 -1.261951 -1.320559
 -1.263723 -1.416472 -1.466733 -1.409957
 -1.245990 -1.439872 -1.512192 -1.366650
 -1.145751 -1.310894 -1.537694 -1.621713
 -1.836742 -1.293763 -1.308602 -1.216620
 -1.338920 -1.435235 -1.320440 -1.457600
 -1.295374 -1.281169 -1.533290 -1.458145
 -1.279733 -1.290594 -1.458357 -1.541018
 -1.891204 -1.186065 -1.257426 -1.349753
 -1.346151 -1.420381 -1.352531 -1.428980
 -1.213023 -1.422743 -1.482043 -1.450395
 -1.198402 -1.241652 -1.521994 -1.654742
 -1.727965 -1.203831 -1.278811 -1.410817
 -1.322999 -1.414585 -1.505033 -1.314427
 -1.234604 -1.436132 -1.489414 -1.403647
 -1.213134 -1.314230 -1.497160 -1.559268
 -1.832142 -1.189710 -1.283576 -1.352569
 -1.390589 -1.415947 -1.295136 -1.450236
 -1.244975 -1.289668 -1.486498 -1.558145
 -1.348899 -1.232023 -1.419875 -1.574901
 -1.914733 -1.194410 -1.243870 -1.341437
 -1.267855 -1.451677 -1.393918 -1.442708
 -1.218466 -1.345415 -1.442522 -1.572364
 -1.283498 -1.242340 -1.403911 -1.668173
 -1.818794 -1.217325 -1.262650 -1.351490
 -1.258803 -1.498846 -1.420276 -1.382417
 -1.234050 -1.485910 -1.434862 -1.408767
 -1.134496 -1.343273 -1.488360 -1.651911
 -1.786806 -1.257288 -1.341705 -1.249383
 -1.424035 -1.398217 -1.267689 -1.466461
 -1.277304 -1.317221 -1.504077 -1.464857
 -1.299835 -1.287751 -1.417428 -1.564482
 -1.979456 -1.212948 -1.219907 -1.312010
 -1.333288 -1.393608 -1.366349 -1.455961
 -1.205323 -1.350505 -1.461564 -1.563403
 -1.228921 -1.286849 -1.439383 -1.638978
 -1.855363 -1.166301 -1.281869 -1.368185
 -1.206971 -1.402433 -1.457912 -1.504273
 -1.165858 -1.437645 -1.543006 -1.439185
 -1.143246 -1.286154 -1.533130 -1.665866
 -1.804915 -1.283190 -1.307882 -1.244907
 -1.350955 -1.428916 -1.245595 -1.543327
 -1.329523 -1.408591 -1.434234 -1.375904
 -1.300433 -1.284734 -1.401933 -1.586008
 -1.836992 -1.171169 -1.248906 -1.411073
 -1.252348 -1.419666 -1.399257 -1.489027
 -1.211010 -1.334325 -1.578735 -1.458728
 -1.293899 -1.161570 -1.507473 -1.653718
 -1.820105 -1.176692 -1.254730 -1.408370
 -1.270753 -1.504659 -1.495971 -1.297347
 -1.160035 -1.470601 -1.532674 -1.423871
 -1.214091 -1.273745 -1.507439 -1.600668
 -1.715795 -1.237411 -1.378255 -1.280037
 -1.430311 -1.517043 -1.285878 -1.328032
 -1.413080 -1.341174 -1.542683 -1.268468
 -1.347107 -1.286483 -1.492289 -1.431665
 -1.872607 -1.199289 -1.327304 -1.274116
 -1.430543 -1.344777 -1.438034 -1.336251
 -1.278888 -1.346519 -1.574778 -1.368628
 -1.302264 -1.165752 -1.602965 -1.536664
 -1.548461 -1.131327 -1.475486 -1.443277
 -17.037580 -17.037580 -17.037580 -0.000000
 -17.182806 -17.182806 -17.182806 -0.000000
 -16.899712 -16.899712 -16.899712 -0.000000
 -17.002277 -17.002277 -17.002277 -0.000000
 -1.386294 -1.386294 -1.386294 -1.386294
 -1.386294 -1.386294 -1.386294 -1.386294
 -1.386294 -1.386294 -1.386294 -1.386294
 -1.419803 -0.895195 -18.422079 -1.050650
 -17.002275 0.000000 -17.002275 -17.002275
 -17.526886 0.000000 -17.526886 -17.526886
 -1.386294 -1.386294 -1.386294 -1.386294
 -17.371429 0.000000 -17.371429 -17.371429
 -1.386294 -1.386294 -1.386294 -1.386294
 0.000000 -18.422079 -18.422079 -18.422079
 -1.386294 -1.386294 -1.386294 -1.386294
 -1.386294 -1.386294 -1.386294 -1.386294
 -18.422079 -18.422079 0.000000 -18.422079
 -1.386294 -1.386294 -1.386294 -1.386294
 -1.386294 -1.386294 -1.386294 -1.386294
 -1.386294 -1.386294 -1.386294 -1.386294
 -1.386294 -1.386294 -1.386294 -1.386294
 -1.386294 -1.386294 -1.386294 -1.386294
 -1.299316 -1.099512 -1.546455 -1.707899
 -1.386294 -1.386294 -1.386294 -1.386294
 -1.206784 -1.441624 -1.403654 -1.520506
 -1.199485 -1.440195 -1.558295 -1.381210
 -1.104254 -1.242038 -1.632198 -1.691475
 -1.637373 -1.116961 -1.532579 -1.338423
 -1.286641 -1.472486 -1.358239 -1.438282
 -1.258068 -1.388565 -1.526434 -1.390081
 -1.292736 -1.192732 -1.533139 -1.578750
 -1.812813 -1.207161 -1.403808 -1.230657
