 -1.231282 0.000100 0.000100 0.000100
 -1.421903 0.000100 0.000100 0.000100
 -1.632624 0.000100 0.000100 0.000100
 -1.304120 0.000100 0.000100 0.000100
 -1.046287 -1.537694 -1.518646 -1.537694
 -1.290984 -1.328026 -1.514127 -1.427116
 -0.976723 -1.450010 -1.720299 -1.561235
 -1.631910 -1.305227 -1.338563 -1.305227
 -0.990399 -1.440815 -1.863671 -1.440815
 -0.936094 -1.580450 -1.762771 -1.467972
 -1.061473 -1.349155 -1.436166 -1.853059
 -1.717651 -1.098613 -1.535330 -1.302708
 -0.879924 -1.769780 -1.814232 -1.378914
 -0.942452 -1.834931 -2.142414 -1.098613
 -0.699458 -1.810806 -1.933408 -1.634916
 -2.523054 -1.260817 -1.424446 -0.927044
 -14.876768 -14.876768 -0.000001 -14.876768
 -14.279247 -14.279247 -0.000002 -14.279247
 -14.130324 -14.130324 -0.000002 -14.130324
 -14.707510 -14.707510 -0.000001 -14.707510
 -1.386294 -1.386294 -1.386294 -1.386294
 -1.386294 -1.386294 -1.386294 -1.386294
 -15.930561 -15.930561 -0.000000 -15.930561
 -1.386294 -1.386294 -1.386294 -1.386294
 -1.386294 -1.386294 -1.386294 -1.386294
 -1.386294 -1.386294 -1.386294 -1.386294
 -15.930561 -15.930561 -15.930561 -0.000000
 -1.386294 -1.386294 -1.386294 -1.386294
 -1.386294 -1.386294 -1.386294 -1.386294
 -1.386294 -1.386294 -1.386294 -1.386294
 -1.386294 -1.386294 -1.386294 -1.386294
 -0.000000 -15.930561 -15.930561 -15.930561
 -15.930561 -1.136724 -2.095247 -0.586822
 -1.386294 -1.386294 -1.386294 -1.386294
 -1.386294 -1.386294 -1.386294 -1.386294
 -1.386294 -1.386294 -1.386294 -1.386294
 -1.386294 -1.386294 -1.386294 -1.386294
 -14.793839 -14.793839 -0.000001 -14.793839
 -13.835317 -13.835317 -0.000003 -13.835317
 -15.343740 -15.343740 -0.000001 -15.343740
 -1.386294 -1.386294 -1.386294 -1.386294
 -1.386294 -1.386294 -1.386294 -1.386294
 -15.930561 -15.930561 -15.930561 -0.000000
 -1.386294 -1.386294 -1.386294 -1.386294
 -1.386294 -1.386294 -1.386294 -1.386294
 -1.386294 -1.386294 -1.386294 -1.386294
 -1.386294 -1.386294 -1.386294 -1.386294
 -1.716274 -1.478473 -1.645046 -0.918102
 -1.538210 -1.569959 -1.671741 -0.943504
 -1.290504 -1.658227 -1.686398 -1.052093
 -1.225027 -1.337504 -1.548813 -1.464256
 -1.870292 -1.741675 -1.347771 -0.889464
 -1.272181 -1.272181 -2.370790 -1.060873
 -1.129010 -1.716795 -2.122259 -0.974860
 -1.066352 -1.239195 -2.031430 -1.448286
 -1.723440 -1.445237 -1.566597 -0.975234
 -1.320625 -1.337720 -1.814643 -1.178655
 -1.329136 -1.489478 -1.852383 -1.041454
 -1.174599 -1.285824 -1.634130 -1.516347
 -1.746534 -1.256328 -1.448700 -1.184008
 -1.309333 -1.448170 -2.040219 -1.007859
 -1.164988 -1.414203 -1.950506 -1.194841
 -1.324926 -1.092304 -2.018070 -1.324926
 -1.869827 -1.299283 -1.359002 -1.151363
 -1.604664 0.000100 0.000100 0.000100
 -1.316983 0.000100 0.000100 0.000100
 -1.167947 0.000100 0.000100 0.000100
 -1.513693 0.000100 0.000100 0.000100
 -1.435084 -1.540443 -0.904460 -1.945903
 -1.134982 -1.460402 -1.722764 -1.317302
 -1.341174 -1.535329 -1.038895 -1.776489
 -1.526055 -0.995431 -1.430746 -1.749196
 -0.962813 -1.609436 -1.810105 -1.368276
 -1.485384 -1.485384 -1.405342 -1.197705
 -1.277661 -1.115143 -2.031426 -1.338285
 -1.897113 -1.203974 -1.491654 -1.123932
 -1.460402 -1.460402 -1.192140 -1.460402
 -1.522425 -1.609436 -2.061416 -0.788461
 -1.717647 -1.098615 -1.717647 -1.178657
 -1.369487 -1.774949 -1.081807 -1.438480
 -13.060496 -13.060496 -0.000006 -13.060496
 -13.060496 -13.060496 -0.000006 -13.060496
 -13.142174 -13.142174 -0.000006 -13.142174
 -13.369229 -13.369229 -0.000005 -13.369229
 -1.386294 -1.386294 -1.386294 -1.386294
 -1.386294 -1.386294 -1.386294 -1.386294
 -14.552676 -14.552676 -0.000001 -14.552676
 -1.386294 -1.386294 -1.386294 -1.386294
 -1.386294 -1.386294 -1.386294 -1.386294
 -1.386294 -1.386294 -1.386294 -1.386294
 -14.552676 -14.552676 -14.552676 -0.000001
 -1.386294 -1.386294 -1.386294 -1.386294
 -1.386294 -1.386294 -1.386294 -1.386294
 -1.386294 -1.386294 -1.386294 -1.386294
 -1.386294 -1.386294 -1.386294 -1.386294
 -0.000002 -14.552676 -14.552676 -14.552676
 -14.552676 -1.199200 -1.372042 -0.809736
 -1.386294 -1.386294 -1.386294 -1.386294
 -1.386294 -1.386294 -1.386294 -1.386294
 -1.386294 -1.386294 -1.386294 -1.386294
 -1.386294 -1.386294 -1.386294 -1.386294
 -13.353481 -13.353481 -0.000005 -13.353481
 -13.180640 -13.180640 -0.000006 -13.180640
 -13.742944 -13.742944 -0.000003 -13.742944
 -1.386294 -1.386294 -1.386294 -1.386294
 -1.386294 -1.386294 -1.386294 -1.386294
 -14.552676 -14.552676 -14.552676 -0.000001
 -1.386294 -1.386294 -1.386294 -1.386294
 -1.386294 -1.386294 -1.386294 -1.386294
 -1.386294 -1.386294 -1.386294 -1.386294
 -1.386294 -1.386294 -1.386294 -1.386294
 -1.471133 -1.316983 -1.372042 -1.391091
 -1.568614 -1.306252 -1.306252 -1.386294
 -0.980832 -1.627454 -1.386294 -1.722764
 -2.178523 -1.197704 -1.197704 -1.262242
 -2.341793 -1.386294 -1.118032 -1.118032
 -1.540443 -1.172722 -1.540443 -1.339775
 -1.405342 -1.572395 -1.485384 -1.137080
 -1.529394 -1.261132 -1.203974 -1.609436
 -1.504076 -1.424034 -1.216396 -1.424034
 -1.365241 -1.452252 -1.211092 -1.547561
 -1.155772 -1.504076 -1.591087 -1.349927
 -1.609436 -1.299284 -1.368276 -1.299284
 -2.871654 -1.485384 -1.197704 -0.879252
 -1.815285 -1.053153 -1.815285 -1.122145
 -1.427116 -1.714795 -1.272967 -1.203974
 -0.916294 -1.299284 -1.810105 -1.810105
 -1.471816 -1.913645 -1.115143 -1.220503
