 -1.338520 0.000100 0.000100 0.000100
 -1.493469 0.000100 0.000100 0.000100
 -1.412997 0.000100 0.000100 0.000100
 -1.310217 0.000100 0.000100 0.000100
 -1.215200 -1.558144 -1.492186 -1.316983
 -0.982694 -1.426186 -2.191651 -1.295566
 -1.063166 -1.140724 -1.935652 -1.656940
 -1.632968 -1.520490 -1.243504 -1.211755
 -1.041454 -1.711070 -1.464937 -1.446919
 -1.270782 -1.614552 -1.449473 -1.252763
 -1.067262 -1.185045 -1.500897 -2.060511
 -1.772527 -1.338892 -1.168993 -1.357584
 -1.270463 -1.691675 -1.224653 -1.422012
 -1.137399 -1.408273 -1.780948 -1.323116
 -1.007859 -1.347074 -1.537117 -1.832580
 -1.853059 -1.269112 -1.250064 -1.288530
 -1.524280 -1.544899 -1.464857 -1.085368
 -1.445611 -1.696925 -1.209222 -1.263290
 -1.140724 -1.578978 -1.336033 -1.554286
 -2.928516 -1.493439 -0.698510 -1.493439
 -14.322330 -14.322330 -0.000002 -14.322330
 -14.316288 -14.316288 -0.000002 -14.316288
 -14.743731 -14.743731 -0.000001 -14.743731
 -14.571634 -14.571634 -0.000001 -14.571634
 -1.386294 -1.386294 -1.386294 -1.386294
 -1.386294 -1.386294 -1.386294 -1.386294
 -15.891195 -15.891195 -15.891195 -0.000000
 -1.386294 -1.386294 -1.386294 -1.386294
 -1.386294 -1.386294 -1.386294 -1.386294
 -1.386294 -1.386294 -1.386294 -1.386294
 -1.386294 -1.386294 -1.386294 -1.386294
 -0.000000 -15.891195 -15.891195 -15.891195
 -0.000000 -15.891195 -15.891195 -15.891195
 -1.386294 -1.386294 -1.386294 -1.386294
 -1.386294 -1.386294 -1.386294 -1.386294
 -1.386294 -1.386294 -1.386294 -1.386294
 -15.891195 -15.891195 -0.000000 -15.891195
 -1.386294 -1.386294 -1.386294 -1.386294
 -1.386294 -1.386294 -1.386294 -1.386294
 -1.386294 -1.386294 -1.386294 -1.386294
 -1.386294 -1.386294 -1.386294 -1.386294
 -1.386294 -1.386294 -1.386294 -1.386294
 -15.891195 -15.891195 -15.891195 -0.000000
 -1.386294 -1.386294 -1.386294 -1.386294
 -1.386294 -1.386294 -1.386294 -1.386294
 -1.386294 -1.386294 -1.386294 -1.386294
 -1.386294 -1.386294 -1.386294 -1.386294
 -1.196058 -0.970428 -1.143520 -15.891195
 -1.140992 -1.459445 -1.700607 -1.325914
 -1.244519 -1.536039 -1.551544 -1.256080
 -1.246875 -1.317827 -1.848454 -1.246875
 -1.386294 -1.386294 -1.386294 -1.386294
 -1.037244 -1.309177 -2.249182 -1.309177
 -0.924260 -1.604160 -2.297305 -1.198696
 -1.531476 -1.147065 -1.701374 -1.259543
 -1.557024 -1.329634 -2.149073 -0.896313
 -1.195605 -1.501979 -1.688080 -1.238164
 -1.425515 -1.330205 -1.648658 -1.194404
 -1.140725 -0.937126 -2.272120 -1.684338
 -1.823761 -1.246875 -1.362947 -1.219846
 -1.396657 -1.316615 -2.048980 -1.033752
 -1.261938 -1.363720 -1.751485 -1.245937
 -1.307704 -1.156882 -1.736699 -1.431318
 -1.631910 -1.241713 -1.524280 -1.211408
 -1.242507 0.000100 0.000100 0.000100
 -1.684338 0.000100 0.000100 0.000100
 -1.278875 0.000100 0.000100 0.000100
 -1.396657 0.000100 0.000100 0.000100
 -1.029624 -1.252765 -1.134983 -3.332119
 -1.098618 -2.197197 -1.791748 -0.944470
 -1.349927 -1.216398 -1.216398 -1.909532
 -2.079425 -2.484873 -0.693156 -1.232146
 -1.312187 -1.648654 -1.648654 -1.060876
 -1.203976 -12.206093 -1.049828 -1.049828
 -1.163153 -1.673972 -1.067844 -1.856290
 -2.251263 -1.845814 -0.641865 -1.558141
 -1.272967 -1.609434 -1.427116 -1.272967
 -1.945889 -1.540440 -0.847310 -1.540440
 -1.011605 -1.299284 -1.550595 -1.887062
 -1.272967 -0.916297 -1.832572 -1.832572
 -1.134983 -1.252765 -1.386294 -1.945899
 -0.993257 -1.686394 -2.602654 -0.993257
 -1.056058 -1.189587 -1.749192 -1.749192
 -1.558141 -1.558141 -1.558141 -0.998536
 -12.644341 -12.644341 -0.000010 -12.644341
 -12.388411 -12.388411 -0.000012 -12.388411
 -12.043577 -12.043577 -0.000018 -12.043577
 -12.429232 -12.429232 -0.000012 -12.429232
 -1.386294 -1.386294 -1.386294 -1.386294
 -1.386294 -1.386294 -1.386294 -1.386294
 -13.785055 -13.785055 -13.785055 -0.000003
 -1.386294 -1.386294 -1.386294 -1.386294
 -1.386294 -1.386294 -1.386294 -1.386294
 -1.386294 -1.386294 -1.386294 -1.386294
 -1.386294 -1.386294 -1.386294 -1.386294
 -0.000003 -13.785055 -13.785055 -13.785055
 -0.000003 -13.785055 -13.785055 -13.785055
 -1.386294 -1.386294 -1.386294 -1.386294
 -1.386294 -1.386294 -1.386294 -1.386294
 -1.386294 -1.386294 -1.386294 -1.386294
 -13.785055 -13.785055 -0.000003 -13.785055
 -1.386294 -1.386294 -1.386294 -1.386294
 -1.386294 -1.386294 -1.386294 -1.386294
 -1.386294 -1.386294 -1.386294 -1.386294
 -1.386294 -1.386294 -1.386294 -1.386294
 -1.386294 -1.386294 -1.386294 -1.386294
 -13.785055 -13.785055 -13.785055 -0.000003
 -1.386294 -1.386294 -1.386294 -1.386294
 -1.386294 -1.386294 -1.386294 -1.386294
 -1.386294 -1.386294 -1.386294 -1.386294
 -1.386294 -1.386294 -1.386294 -1.386294
 -1.316615 -0.991193 -1.019364 -13.785055
 -1.466336 -1.466336 -1.060876 -1.648654
 -1.974072 -1.280935 -0.810935 -1.974072
 -1.475905 -1.763583 -0.847303 -1.763583
 -1.386294 -1.386294 -1.386294 -1.386294
 -1.335002 -1.335002 -1.335002 -1.558141
 -1.145136 -1.704741 -1.704741 -1.145136
 -1.742965 -1.049825 -1.123932 -1.897113
 -2.772514 -0.980838 -1.673968 -0.980838
 -0.798517 -1.386294 -2.995652 -1.386294
 -1.287856 -0.802353 -1.757852 -2.268664
 -1.832572 -2.120246 -1.021656 -1.021656
 -2.036866 -0.938276 -1.343735 -1.526054
 -1.386294 -1.232146 -1.568613 -1.386294
 -1.609434 -1.321757 -1.455286 -1.203975
 -1.252765 -1.435084 -1.945896 -1.098617
 -1.704741 -1.704741 -1.145136 -1.145136
