 -1.250839 0.000100 0.000100 0.000100
 -1.510517 0.000100 0.000100 0.000100
 -1.487527 0.000100 0.000100 0.000100
 -1.320473 0.000100 0.000100 0.000100
 -1.000453 -1.622982 -1.436880 -1.622982
 -1.020361 -1.318853 -2.374902 -1.276294
 -0.980830 -1.278664 -2.125959 -1.481604
 -1.970241 -1.074859 -1.530875 -1.194404
 -1.107016 -1.333329 -1.626315 -1.564440
 -1.016375 -1.415282 -1.658228 -1.585907
 -0.810932 -1.294357 -1.647177 -2.420363
 -1.635413 -1.321756 -1.212557 -1.422852
 -1.202656 -1.406255 -1.313882 -1.683241
 -0.906487 -1.552006 -1.506543 -1.816697
 -0.952010 -1.357474 -1.558144 -1.922786
 -1.497520 -1.286211 -1.310309 -1.468532
 -1.098613 -1.318853 -14.763302 -0.918231
 -1.047581 -1.263290 -14.462616 -1.003779
 -0.864998 -1.119890 -14.457367 -1.375823
 -1.645805 -1.157453 -14.151986 -0.707537
 -14.771024 -14.771024 -0.000001 -14.771024
 -14.644064 -14.644064 -0.000001 -14.644064
 -1.386294 -1.386294 -1.386294 -1.386294
 -14.880222 -14.880222 -0.000001 -14.880222
 -1.386294 -1.386294 -1.386294 -1.386294
 -1.386294 -1.386294 -1.386294 -1.386294
 -15.868352 -15.868352 -15.868352 -0.000000
 -1.386294 -1.386294 -1.386294 -1.386294
 -1.386294 -1.386294 -1.386294 -1.386294
 -1.386294 -1.386294 -1.386294 -1.386294
 -1.386294 -1.386294 -1.386294 -1.386294
 -0.000000 -15.868352 -15.868352 -15.868352
 -15.868352 -0.846870 -2.083299 -0.805809
 -1.386294 -1.386294 -1.386294 -1.386294
 -1.386294 -1.386294 -1.386294 -1.386294
 -1.386294 -1.386294 -1.386294 -1.386294
 -1.386294 -1.386294 -1.386294 -1.386294
 -15.021482 -15.021482 -0.000001 -15.021482
 -13.785055 -13.785055 -0.000003 -13.785055
 -15.062544 -15.062544 -0.000001 -15.062544
 -1.386294 -1.386294 -1.386294 -1.386294
 -1.386294 -1.386294 -1.386294 -1.386294
 -15.868352 -15.868352 -15.868352 -0.000000
 -1.386294 -1.386294 -1.386294 -1.386294
 -1.386294 -1.386294 -1.386294 -1.386294
 -1.386294 -1.386294 -1.386294 -1.386294
 -1.386294 -1.386294 -1.386294 -1.386294
 -1.552065 -1.595416 -1.716368 -0.902269
 -1.417066 -1.299283 -2.466883 -0.916292
 -1.536234 -1.399033 -1.766757 -1.002153
 -1.507655 -1.134981 -2.169050 -1.070442
 -1.994541 -1.373716 -1.521636 -0.935461
 -1.236013 -1.413693 -2.512300 -0.954162
 -1.137642 -1.316983 -2.509117 -1.108228
 -1.252763 -1.007641 -2.271328 -1.402295
 -1.647308 -1.515972 -1.665007 -0.919675
 -1.287855 -1.218862 -2.055108 -1.202332
 -1.463058 -0.824570 -2.094328 -1.575536
 -1.217672 -1.088461 -1.540444 -1.876915
 -1.627787 -1.340105 -1.573720 -1.094983
 -1.699385 -1.131403 -1.760010 -1.131403
 -1.347679 -1.094683 -1.899747 -1.362947
 -1.248895 -1.222227 -2.220751 -1.170933
 -1.913119 -1.236234 -1.633535 -1.003303
 -1.377484 0.000100 0.000100 0.000100
 -1.528715 0.000100 0.000100 0.000100
 -1.277400 0.000100 0.000100 0.000100
 -1.377484 0.000100 0.000100 0.000100
 -1.270463 -1.440361 -1.459054 -1.386294
 -1.235064 -1.386294 -1.722766 -1.270782
 -1.198696 -1.402295 -1.559137 -1.418555
 -1.558144 -1.497520 -1.254959 -1.270463
 -1.630057 -1.530966 -1.094539 -1.374124
 -1.424035 -1.546637 -1.332227 -1.264405
 -1.415853 -1.267433 -1.302525 -1.590206
 -1.804498 -1.309177 -1.037244 -1.556037
 -1.435084 -1.234414 -1.457557 -1.435084
 -1.054358 -1.613973 -1.337720 -1.660493
 -1.274503 -1.261764 -1.274503 -1.847021
 -1.541996 -1.609437 -1.093972 -1.381654
 -0.972733 -1.535039 -14.715673 -0.900162
 -0.833815 -1.303818 -14.608505 -1.223776
 -0.819900 -1.402295 -14.739771 -1.159981
 -1.665007 -0.986250 -14.430698 -0.825908
 -15.024472 -15.024472 -0.000001 -15.024472
 -14.707510 -14.707510 -0.000001 -14.707510
 -1.386294 -1.386294 -1.386294 -1.386294
 -14.994166 -14.994166 -0.000001 -14.994166
 -1.386294 -1.386294 -1.386294 -1.386294
 -1.386294 -1.386294 -1.386294 -1.386294
 -16.017170 -16.017170 -16.017170 -0.000000
 -1.386294 -1.386294 -1.386294 -1.386294
 -1.386294 -1.386294 -1.386294 -1.386294
 -1.386294 -1.386294 -1.386294 -1.386294
 -1.386294 -1.386294 -1.386294 -1.386294
 -0.000000 -16.017170 -16.017170 -16.017170
 -16.017170 -1.099719 -1.602823 -0.764197
 -1.386294 -1.386294 -1.386294 -1.386294
 -1.386294 -1.386294 -1.386294 -1.386294
 -1.386294 -1.386294 -1.386294 -1.386294
 -1.386294 -1.386294 -1.386294 -1.386294
 -14.917452 -14.917452 -0.000001 -14.917452
 -14.414350 -14.414350 -0.000002 -14.414350
 -15.252975 -15.252975 -0.000001 -15.252975
 -1.386294 -1.386294 -1.386294 -1.386294
 -1.386294 -1.386294 -1.386294 -1.386294
 -16.017170 -16.017170 -16.017170 -0.000000
 -1.386294 -1.386294 -1.386294 -1.386294
 -1.386294 -1.386294 -1.386294 -1.386294
 -1.386294 -1.386294 -1.386294 -1.386294
 -1.386294 -1.386294 -1.386294 -1.386294
 -1.750583 -1.265566 -1.193701 -1.422334
 -1.590509 -1.295046 -1.590509 -1.144223
 -1.122423 -1.498212 -1.498212 -1.480820
 -1.350448 -1.408435 -1.364633 -1.423473
 -1.918758 -1.472472 -0.918588 -1.492675
 -1.225612 -1.577832 -1.623294 -1.194841
 -1.221015 -1.336846 -1.796378 -1.285553
 -1.123305 -1.378197 -1.554088 -1.554088
 -1.669502 -1.578530 -1.248289 -1.144492
 -1.394327 -1.443923 -1.394327 -1.316768
 -1.455287 -1.683545 -1.252763 -1.219973
 -1.422852 -1.559427 -1.321756 -1.265667
 -1.756252 -1.667305 -1.040117 -1.254773
 -1.314321 -1.542104 -1.225768 -1.496642
 -1.419084 -1.562185 -1.293921 -1.293921
 -1.291679 -1.425210 -1.348837 -1.490807
 -1.734600 -1.590019 -0.896873 -1.552279
