 -1.241360 0.000100 0.000100 0.000100
 -1.485895 0.000100 0.000100 0.000100
 -1.577832 0.000100 0.000100 0.000100
 -1.279101 0.000100 0.000100 0.000100
 -1.234414 -1.216396 -1.658227 -1.504077
 -1.008229 -1.701374 -1.739115 -1.283641
 -0.897943 -1.321756 -1.960834 -1.686398
 -1.738270 -1.252763 -1.397344 -1.233715
 -0.974050 -1.493925 -1.449473 -1.812378
 -0.893169 -1.428091 -1.774367 -1.707675
 -0.709149 -1.309922 -1.504077 -4.143088
 -1.749199 -0.970531 -1.343735 -1.680206
 -0.933533 -1.791759 -1.280934 -1.817734
 -0.875470 -1.455287 -1.974079 -1.555370
 -0.582286 -1.365816 -2.204142 -2.578832
 -1.375823 -1.088142 -1.462834 -1.720662
 -0.793618 -1.799139 -14.816144 -0.961412
 -1.021652 -1.484275 -14.220979 -0.883502
 -0.561573 -1.716535 -14.062374 -1.386294
 -1.553348 -1.210404 -13.854735 -0.712567
 -14.816144 -14.816144 -0.000001 -14.816144
 -14.100693 -14.100693 -0.000002 -14.100693
 -1.386294 -1.386294 -1.386294 -1.386294
 -14.727795 -14.727795 -0.000001 -14.727795
 -1.386294 -1.386294 -1.386294 -1.386294
 -1.386294 -1.386294 -1.386294 -1.386294
 -15.693448 -15.693448 -15.693448 -0.000000
 -1.386294 -1.386294 -1.386294 -1.386294
 -1.386294 -1.386294 -1.386294 -1.386294
 -1.386294 -1.386294 -1.386294 -1.386294
 -1.386294 -1.386294 -1.386294 -1.386294
 -0.000001 -15.693448 -15.693448 -15.693448
 -0.693147 -1.712422 -2.845519 -1.341444
 -1.386294 -1.386294 -1.386294 -1.386294
 -1.386294 -1.386294 -1.386294 -1.386294
 -1.386294 -1.386294 -1.386294 -1.386294
 -15.000301 -15.000301 -0.000001 -15.000301
 -13.981029 -13.981029 -0.000003 -13.981029
 -12.847937 -12.847937 -0.000008 -12.847937
 -14.352006 -14.352006 -0.000002 -14.352006
 -1.386294 -1.386294 -1.386294 -1.386294
 -1.386294 -1.386294 -1.386294 -1.386294
 -1.062573 -0.696210 -1.858134 -15.693448
 -1.386294 -1.386294 -1.386294 -1.386294
 -1.172040 -1.277400 -2.019336 -1.277400
 -1.191778 -1.524217 -2.175978 -1.007774
 -0.987388 -1.128466 -2.140062 -1.680533
 -1.386294 -1.386294 -1.386294 -1.386294
 -1.143064 -1.440898 -1.931520 -1.205585
 -1.311332 -1.507076 -1.822156 -1.057552
 -1.191395 -1.002154 -2.423528 -1.425009
 -1.639743 -1.371479 -1.692386 -0.999240
 -1.374866 -1.227230 -1.693319 -1.308908
 -1.240787 -1.327798 -1.976492 -1.180163
 -1.247825 -0.977536 -2.130209 -1.524077
 -1.723705 -1.335940 -1.600092 -1.030559
 -1.405342 -1.307704 -1.890849 -1.098613
 -1.391599 -1.130874 -1.945909 -1.252763
 -1.203973 -0.730190 -2.135527 -2.302580
 -1.516914 -1.427967 -1.471452 -1.167241
 -1.175574 -1.374024 -1.952100 -1.216396
 -1.292768 -1.014055 -2.227075 -1.366876
 -1.800974 -0.862708 -1.513294 -1.646824
 -1.855180 -0.953280 -1.891547 -1.180053
 -1.315318 0.000100 0.000100 0.000100
 -1.458024 0.000100 0.000100 0.000100
 -1.231496 0.000100 0.000100 0.000100
 -1.574748 0.000100 0.000100 0.000100
 -1.262732 -1.321572 -1.476182 -1.505548
 -1.215337 -1.478558 -1.482283 -1.393097
 -1.170747 -1.362261 -1.427680 -1.640315
 -1.628669 -1.293585 -1.361834 -1.297063
 -1.389156 -1.406497 -1.260291 -1.504435
 -1.407299 -1.300053 -1.419957 -1.423147
 -1.356001 -1.209251 -1.368989 -1.663228
 -1.770599 -1.205971 -1.214579 -1.454432
 -1.376142 -1.417385 -1.194943 -1.597603
 -1.139256 -1.518404 -1.416622 -1.521656
 -1.321023 -1.249469 -1.239291 -1.852201
 -1.727221 -1.223420 -1.276145 -1.390749
 -0.934379 -1.403994 -16.388885 -1.017338
 -0.925842 -1.340950 -16.391933 -1.072345
 -0.780806 -1.329610 -16.458845 -1.282357
 -1.652709 -1.068278 -16.156355 -0.765997
 -16.748837 -16.748837 -0.000000 -16.748837
 -16.450991 -16.450991 -0.000000 -16.450991
 -1.386294 -1.386294 -1.386294 -1.386294
 -16.704214 -16.704214 -0.000000 -16.704214
 -1.386294 -1.386294 -1.386294 -1.386294
 -1.386294 -1.386294 -1.386294 -1.386294
 -17.741634 -17.741634 -17.741634 -0.000000
 -1.386294 -1.386294 -1.386294 -1.386294
 -1.386294 -1.386294 -1.386294 -1.386294
 -1.386294 -1.386294 -1.386294 -1.386294
 -1.386294 -1.386294 -1.386294 -1.386294
 0.000000 -17.741634 -17.741634 -17.741634
 -1.849185 -1.093498 -1.930063 -1.014860
 -1.386294 -1.386294 -1.386294 -1.386294
 -1.386294 -1.386294 -1.386294 -1.386294
 -1.386294 -1.386294 -1.386294 -1.386294
 -15.892449 -15.892449 -0.000000 -15.892449
 -16.648136 -16.648136 -0.000000 -16.648136
 -15.811571 -15.811571 -0.000000 -15.811571
 -16.726774 -16.726774 -0.000000 -16.726774
 -1.386294 -1.386294 -1.386294 -1.386294
 -1.386294 -1.386294 -1.386294 -1.386294
 -0.958790 -1.220075 -1.134958 -17.741634
 -1.386294 -1.386294 -1.386294 -1.386294
 -1.343992 -1.515719 -1.290236 -1.409188
 -1.339957 -1.373682 -1.479336 -1.357975
 -1.212186 -1.220468 -1.637433 -1.547010
 -1.386294 -1.386294 -1.386294 -1.386294
 -1.274308 -1.727401 -1.148234 -1.489730
 -1.173617 -1.610993 -1.310745 -1.507580
 -1.249416 -1.300401 -1.424744 -1.607763
 -1.611096 -1.461104 -1.106932 -1.436411
 -1.237169 -1.487764 -1.517323 -1.329461
 -1.118668 -1.500924 -1.616684 -1.379100
 -1.187354 -1.408273 -1.471331 -1.510552
 -1.625596 -1.374785 -1.290418 -1.290418
 -1.389799 -1.381408 -1.303725 -1.477833
 -1.290984 -1.588819 -1.309333 -1.382967
 -1.290751 -1.287640 -1.399231 -1.598360
 -1.605524 -1.385510 -1.231808 -1.357688
 -1.385503 -1.506456 -1.257923 -1.411145
 -1.213388 -1.581713 -1.346147 -1.439915
 -1.242611 -1.406914 -1.315942 -1.618223
 -1.759538 -1.510395 -1.032815 -1.382105
