 -1.273670 0.000100 0.000100 0.000100
 -1.389254 0.000100 0.000100 0.000100
 -1.437847 0.000100 0.000100 0.000100
 -1.454584 0.000100 0.000100 0.000100
 -1.149165 -1.414868 -1.358515 -1.697730
 -1.011601 -1.328697 -1.895802 -1.508038
 -1.115350 -1.265289 -1.459445 -1.847210
 -1.857141 -1.002153 -1.442708 -1.425009
 -0.868780 -1.586219 -1.462987 -1.935892
 -0.919734 -1.665990 -1.630272 -1.530188
 -0.918536 -1.217517 -1.600509 -2.271675
 -1.675619 -1.009142 -1.381380 -1.624326
 -0.542108 -2.170412 -2.101419 -1.703390
 -0.685366 -2.111188 -1.907590 -1.484734
 -0.582397 -1.765090 -2.106839 -1.906169
 -1.368699 -1.546379 -1.492312 -1.178655
 -2.107275 -2.833211 -0.307485 -2.473209
 -1.464072 -1.658227 -1.001449 -1.556445
 -1.500704 -1.629916 -0.854079 -1.861716
 -2.351372 -2.128230 -0.584935 -1.475906
 -14.214290 -14.214290 -0.000002 -14.214290
 -13.928843 -13.928843 -0.000003 -13.928843
 -15.622159 -15.622159 -0.000000 -15.622159
 -14.187077 -14.187077 -0.000002 -14.187077
 -1.386294 -1.386294 -1.386294 -1.386294
 -1.386294 -1.386294 -1.386294 -1.386294
 -16.132984 -16.132984 -16.132984 -0.000000
 -1.386294 -1.386294 -1.386294 -1.386294
 -1.386294 -1.386294 -1.386294 -1.386294
 -1.386294 -1.386294 -1.386294 -1.386294
 -1.386294 -1.386294 -1.386294 -1.386294
 -0.480104 -2.086362 -2.047446 -2.055109
 -0.822140 -1.412102 -2.315405 -1.522559
 -0.986135 -1.339774 -1.658227 -1.745238
 -0.780854 -1.542992 -1.507901 -2.236136
 -1.732039 -1.571697 -1.178656 -1.178656
 -0.780607 -1.662547 -15.216695 -1.043509
 -0.766299 -1.613595 -14.695139 -1.090348
 -0.794931 -1.236763 -14.253768 -1.354546
 -1.017487 -1.577102 -14.571634 -0.839504
 -1.587215 -1.544197 -1.397594 -1.094128
 -1.453953 -1.604775 -1.358643 -1.176322
 -1.386294 -1.386294 -1.386294 -1.386294
 -1.685276 -1.764056 -1.432279 -0.905118
 -1.343735 -1.461518 -1.777370 -1.084224
 -1.002846 -1.737956 -1.766943 -1.250254
 -1.203973 -1.378326 -1.629640 -1.378326
 -1.350723 -1.488873 -1.579257 -1.173792
 -1.512588 -1.165187 -1.697991 -1.256159
 -1.220258 -1.454658 -1.663749 -1.266067
 -1.306252 -1.163151 -1.673976 -1.473305
 -1.856962 -1.264459 -1.596236 -1.024979
 -1.193923 -1.472126 -1.592270 -1.331544
 -1.148093 -1.450373 -1.908680 -1.203973
 -1.093471 -1.190321 -1.900561 -1.554286
 -1.678430 -1.284942 -1.560647 -1.118815
 -1.382767 -1.123659 -1.733423 -1.396952
 -1.177705 -1.202706 -1.787964 -1.494616
 -1.375365 -1.126470 -1.515127 -1.593088
 -1.852819 -1.341994 -1.439974 -1.064363
 -1.334178 -1.230382 -1.755391 -1.303407
 -1.338285 -1.115142 -1.959111 -1.313593
 -1.319284 -1.181134 -1.501605 -1.594695
 -1.536678 -1.289271 -1.436595 -1.303064
 -1.317756 0.000100 0.000100 0.000100
 -1.389444 0.000100 0.000100 0.000100
 -1.419799 0.000100 0.000100 0.000100
 -1.421764 0.000100 0.000100 0.000100
 -1.360268 -1.398646 -1.328147 -1.463137
 -1.323823 -1.330555 -1.488781 -1.410973
 -1.293915 -1.240847 -1.432599 -1.619599
 -1.851432 -1.217222 -1.236593 -1.360374
 -1.349934 -1.439863 -1.290509 -1.475556
 -1.239138 -1.451956 -1.367289 -1.507524
 -1.346737 -1.339694 -1.315643 -1.562149
 -1.814805 -1.273983 -1.152760 -1.420260
 -1.275754 -1.408840 -1.516522 -1.359150
 -1.250135 -1.384510 -1.688874 -1.278840
 -1.243594 -1.255162 -1.570702 -1.519939
 -1.706610 -1.284756 -1.425710 -1.199104
 -1.276526 -1.550672 -1.456850 -1.287642
 -1.369720 -1.332644 -1.533315 -1.323417
 -1.258933 -1.333632 -1.507733 -1.464847
 -2.183516 -1.304699 -1.134328 -1.222602
 -19.775484 -19.775484 0.000000 -19.775484
 -19.867718 -19.867718 0.000000 -19.867718
 -19.855860 -19.855860 0.000000 -19.855860
 -19.931248 -19.931248 0.000000 -19.931248
 -1.386294 -1.386294 -1.386294 -1.386294
 -1.386294 -1.386294 -1.386294 -1.386294
 -21.245399 -21.245399 -21.245399 0.000000
 -1.386294 -1.386294 -1.386294 -1.386294
 -1.386294 -1.386294 -1.386294 -1.386294
 -1.386294 -1.386294 -1.386294 -1.386294
 -1.386294 -1.386294 -1.386294 -1.386294
 -1.774212 -1.161721 -1.350413 -1.353624
 -1.618432 -1.240820 -1.573236 -1.186556
 -1.187571 -1.562338 -1.349063 -1.487617
 -1.497267 -1.379450 -1.121678 -1.615408
 -1.868443 -1.258163 -1.170842 -1.380889
 -1.002395 -1.192655 -19.762186 -1.109918
 -1.029807 -1.178093 -19.872154 -1.093449
 -0.965688 -1.066400 -19.975599 -1.290863
 -1.459343 -0.946041 -19.813776 -0.969333
 -1.371354 -1.434651 -1.329609 -1.412813
 -1.315228 -1.395101 -1.480205 -1.361845
 -1.386294 -1.386294 -1.386294 -1.386294
 -1.856247 -1.271918 -1.227183 -1.308106
 -1.320827 -1.522228 -1.321220 -1.394122
 -1.210425 -1.507640 -1.351213 -1.507011
 -1.273092 -1.388043 -1.266630 -1.667637
 -1.780195 -1.344425 -1.151193 -1.368667
 -1.266679 -1.447787 -1.469766 -1.373714
 -1.259813 -1.391891 -1.534236 -1.378057
 -1.182002 -1.335031 -1.493477 -1.581846
 -1.777436 -1.250418 -1.351456 -1.252880
 -1.348012 -1.424977 -1.334245 -1.442344
 -1.290936 -1.359576 -1.490845 -1.414550
 -1.259471 -1.274108 -1.455459 -1.593455
 -1.830661 -1.261838 -1.239433 -1.320465
 -1.341817 -1.436710 -1.340057 -1.430914
 -1.227463 -1.447739 -1.399558 -1.490954
 -1.284227 -1.318864 -1.334860 -1.647651
 -1.744530 -1.307376 -1.191274 -1.382661
 -1.286185 -1.410811 -1.496975 -1.362868
 -1.270396 -1.396526 -1.567361 -1.334728
 -1.227414 -1.285777 -1.530846 -1.541020
 -1.794488 -1.272128 -1.330453 -1.240654
