 -1.210461 0.000100 0.000100 0.000100
 -1.442519 0.000100 0.000100 0.000100
 -1.528175 0.000100 0.000100 0.000100
 -1.391599 0.000100 0.000100 0.000100
 -1.052362 -1.728700 -1.466337 -1.416327
 -1.047693 -1.953399 -1.602002 -1.184268
 -0.880360 -1.201267 -1.867743 -2.039593
 -1.690662 -1.036738 -1.616555 -1.337842
 -0.960992 -1.743749 -2.118441 -1.131949
 -1.199083 -1.616817 -2.022280 -1.000633
 -0.795564 -1.089803 -2.088327 -2.424796
 -1.471287 -1.267689 -1.727220 -1.167606
 -14.473033 -1.292398 -1.456028 -0.708814
 -14.115618 -1.144075 -2.014900 -0.601211
 -13.567055 -0.922723 -1.312187 -1.098614
 -14.291747 -0.954271 -1.320204 -1.056053
 -1.386294 -1.386294 -1.386294 -1.386294
 -14.452089 -14.452089 -0.000002 -14.452089
 -14.054531 -14.054531 -0.000002 -14.054531
 -14.735795 -14.735795 -0.000001 -14.735795
 -1.386294 -1.386294 -1.386294 -1.386294
 -1.386294 -1.386294 -1.386294 -1.386294
 -15.550700 -15.550700 -0.000001 -15.550700
 -1.386294 -1.386294 -1.386294 -1.386294
 -1.386294 -1.386294 -1.386294 -1.386294
 -1.386294 -1.386294 -1.386294 -1.386294
 -15.550700 -15.550700 -15.550700 -0.000001
 -1.386294 -1.386294 -1.386294 -1.386294
 -1.386294 -1.386294 -1.386294 -1.386294
 -1.386294 -1.386294 -1.386294 -1.386294
 -1.386294 -1.386294 -1.386294 -1.386294
 -0.000001 -15.550700 -15.550700 -15.550700
 -0.694913 -1.840549 -2.651478 -1.303407
 -1.386294 -1.386294 -1.386294 -1.386294
 -1.386294 -1.386294 -1.386294 -1.386294
 -1.386294 -1.386294 -1.386294 -1.386294
 -14.855788 -14.855788 -0.000001 -14.855788
 -13.710155 -13.710155 -0.000003 -13.710155
 -12.899230 -12.899230 -0.000007 -12.899230
 -14.247295 -14.247295 -0.000002 -14.247295
 -1.386294 -1.386294 -1.386294 -1.386294
 -1.386294 -1.386294 -1.386294 -1.386294
 -0.951288 -0.906638 -1.561236 -15.550700
 -1.386294 -1.386294 -1.386294 -1.386294
 -1.085007 -1.778153 -1.700192 -1.169564
 -1.064275 -1.562521 -2.437987 -1.027003
 -1.252763 -1.017924 -1.834683 -1.643628
 -1.386294 -1.386294 -1.386294 -1.386294
 -1.469908 -1.260817 -1.647589 -1.223776
 -1.090831 -1.593933 -1.593933 -1.355523
 -1.073612 -1.373716 -1.596858 -1.596858
 -1.346629 -1.369102 -1.626930 -1.241269
 -1.373716 -1.399033 -1.566087 -1.233954
 -1.436484 -1.225175 -1.743968 -1.225175
 -1.004928 -1.107582 -2.079438 -1.722765
 -1.818075 -1.348073 -1.540445 -1.011602
 -1.252763 -1.113002 -1.722765 -1.574346
 -1.170775 -1.324926 -1.971551 -1.255933
 -0.990400 -1.321756 -1.881369 -1.562917
 -1.732570 -1.362197 -1.544518 -1.039424
 -1.227605 -1.367366 -2.011721 -1.144223
 -1.399033 -1.037244 -1.804497 -1.451677
 -0.896090 -1.058608 -2.387736 -1.876915
 -1.704747 -0.976510 -1.901457 -1.230290
 -1.527200 0.000100 0.000100 0.000100
 -1.374124 0.000100 0.000100 0.000100
 -1.249910 0.000100 0.000100 0.000100
 -1.413603 0.000100 0.000100 0.000100
 -1.189047 -1.613204 -1.279431 -1.523053
 -1.247936 -1.577689 -1.225713 -1.546917
 -1.338998 -1.454067 -1.090102 -1.783248
 -1.868451 -1.636650 -0.917971 -1.379605
 -1.311259 -1.386294 -1.453434 -1.399366
 -1.506025 -1.506025 -1.597832 -1.038217
 -1.234278 -1.342492 -1.442575 -1.553801
 -1.942041 -1.363305 -1.475422 -0.988612
 -14.893922 -1.366092 -1.010751 -0.965081
 -14.930654 -1.500804 -1.198523 -0.743579
 -14.837963 -1.105833 -1.350955 -0.891423
 -15.062544 -1.374866 -0.992390 -0.977005
 -1.386294 -1.386294 -1.386294 -1.386294
 -14.987994 -14.987994 -0.000001 -14.987994
 -15.201806 -15.201806 -0.000001 -15.201806
 -15.428942 -15.428942 -0.000001 -15.428942
 -1.386294 -1.386294 -1.386294 -1.386294
 -1.386294 -1.386294 -1.386294 -1.386294
 -16.321037 -16.321037 -0.000000 -16.321037
 -1.386294 -1.386294 -1.386294 -1.386294
 -1.386294 -1.386294 -1.386294 -1.386294
 -1.386294 -1.386294 -1.386294 -1.386294
 -16.321037 -16.321037 -16.321037 -0.000000
 -1.386294 -1.386294 -1.386294 -1.386294
 -1.386294 -1.386294 -1.386294 -1.386294
 -1.386294 -1.386294 -1.386294 -1.386294
 -1.386294 -1.386294 -1.386294 -1.386294
 -0.000000 -16.321037 -16.321037 -16.321037
 -1.527200 -1.400269 -1.945910 -0.932752
 -1.386294 -1.386294 -1.386294 -1.386294
 -1.386294 -1.386294 -1.386294 -1.386294
 -1.386294 -1.386294 -1.386294 -1.386294
 -14.793839 -14.793839 -0.000001 -14.793839
 -14.920769 -14.920769 -0.000001 -14.920769
 -14.375129 -14.375129 -0.000002 -14.375129
 -15.388286 -15.388286 -0.000001 -15.388286
 -1.386294 -1.386294 -1.386294 -1.386294
 -1.386294 -1.386294 -1.386294 -1.386294
 -0.986013 -1.336145 -1.010377 -16.321037
 -1.386294 -1.386294 -1.386294 -1.386294
 -1.280496 -1.509563 -1.379751 -1.388485
 -1.443818 -1.343735 -1.497885 -1.274742
 -1.232785 -1.372931 -1.399838 -1.567719
 -1.386294 -1.386294 -1.386294 -1.386294
 -1.286354 -1.649259 -1.243794 -1.413693
 -1.315067 -1.507439 -1.538210 -1.219757
 -1.205096 -1.299283 -1.668380 -1.431052
 -1.686399 -1.534849 -1.239385 -1.171944
 -1.191394 -1.521636 -1.399033 -1.465283
 -1.174120 -1.704748 -1.272966 -1.473636
 -1.115307 -1.353718 -1.353718 -1.860279
 -1.727597 -1.487647 -0.992951 -1.487647
 -1.304212 -1.606492 -1.315141 -1.348663
 -1.275069 -1.511457 -1.494928 -1.288314
 -1.269761 -1.432279 -1.121341 -1.867597
 -1.363305 -1.545626 -1.333452 -1.318853
 -1.668006 -1.429114 -1.147702 -1.368490
 -1.221539 -1.513449 -1.463852 -1.371479
 -1.374460 -1.172721 -1.460402 -1.583004
 -1.708238 -1.315677 -1.182146 -1.410987
