 -1.192800 0.000100 0.000100 0.000100
 -1.444114 0.000100 0.000100 0.000100
 -1.645667 0.000100 0.000100 0.000100
 -1.317551 0.000100 0.000100 0.000100
 -1.136353 -1.216396 -1.504077 -1.829498
 -1.007641 -1.339774 -1.540444 -1.840548
 -1.168994 -1.023812 -1.801514 -1.801514
 -1.784789 -0.743338 -1.436484 -2.129628
 -0.893819 -1.571216 -1.145133 -2.734360
 -0.640780 -1.512174 -1.512174 -3.433973
 -0.929537 -1.125281 -1.270463 -13.946543
 -2.436107 -0.490209 -1.817075 -1.984127
 -0.000001 -14.571634 -14.571634 -14.571634
 -0.000002 -14.279247 -14.279247 -14.279247
 -0.000002 -14.115618 -14.115618 -14.115618
 -0.000011 -12.506192 -12.506192 -12.506192
 -15.490737 -15.490737 -0.000001 -15.490737
 -1.386294 -1.386294 -1.386294 -1.386294
 -1.386294 -1.386294 -1.386294 -1.386294
 -1.386294 -1.386294 -1.386294 -1.386294
 -1.386294 -1.386294 -1.386294 -1.386294
 -1.386294 -1.386294 -1.386294 -1.386294
 -15.490737 -15.490737 -0.000001 -15.490737
 -1.386294 -1.386294 -1.386294 -1.386294
 -1.386294 -1.386294 -1.386294 -1.386294
 -1.386294 -1.386294 -1.386294 -1.386294
 -15.490737 -15.490737 -15.490737 -0.000001
 -1.386294 -1.386294 -1.386294 -1.386294
 -1.386294 -1.386294 -1.386294 -1.386294
 -1.386294 -1.386294 -1.386294 -1.386294
 -1.386294 -1.386294 -1.386294 -1.386294
 -0.000001 -15.490737 -15.490737 -15.490737
 -0.900499 -1.526806 -2.616832 -1.192800
 -1.386294 -1.386294 -1.386294 -1.386294
 -1.386294 -1.386294 -1.386294 -1.386294
 -1.386294 -1.386294 -1.386294 -1.386294
 -14.590240 -14.590240 -0.000001 -14.590240
 -13.963934 -13.963934 -0.000003 -13.963934
 -12.873912 -12.873912 -0.000008 -12.873912
 -14.297939 -14.297939 -0.000002 -14.297939
 -1.386294 -1.386294 -1.386294 -1.386294
 -1.386294 -1.386294 -1.386294 -1.386294
 -0.928538 -0.842317 -1.747796 -15.490737
 -1.386294 -1.386294 -1.386294 -1.386294
 -1.075192 -1.567668 -1.638286 -1.362874
 -1.056053 -1.377636 -2.142241 -1.263692
 -1.354546 -1.236763 -1.441557 -1.536867
 -1.386294 -1.386294 -1.386294 -1.386294
 -1.219241 -1.409284 -1.615135 -1.341843
 -1.075624 -1.724317 -1.681758 -1.222227
 -1.241714 -1.727219 -1.321756 -1.321756
 -1.567178 -1.756419 -1.296888 -1.063274
 -1.379694 -1.256080 -1.616082 -1.328400
 -1.197704 -1.262242 -1.955386 -1.296144
 -1.082219 -1.132230 -1.617736 -1.962575
 -2.054121 -1.265667 -1.221215 -1.221215
 -1.319849 -1.507901 -1.879463 -1.025051
 -1.412270 -1.288656 -1.523495 -1.336284
 -1.449095 -0.894786 -1.800491 -1.653889
 -1.838278 -1.193923 -1.481604 -1.169230
 -1.269430 -1.428495 -1.800057 -1.158205
 -1.284715 -1.380025 -2.024379 -1.079921
 -1.051211 -1.267434 -2.069776 -1.415853
 -1.685074 -1.303708 -1.551543 -1.105258
 -1.460402 0.000100 0.000100 0.000100
 -1.540445 0.000100 0.000100 0.000100
 -1.215949 0.000100 0.000100 0.000100
 -1.358124 0.000100 0.000100 0.000100
 -1.535329 -1.535329 -0.916293 -1.776489
 -1.203974 -1.386294 -1.386294 -1.609436
 -1.528468 -1.160745 -1.123005 -1.933930
 -2.079436 -0.944464 -1.232144 -1.637607
 -1.512587 -1.369487 -1.033017 -1.774949
 -1.240787 -1.283347 -1.528468 -1.528468
 -1.444114 -0.962277 -1.397594 -2.003726
 -2.100052 -1.589233 -0.896091 -1.326871
 -0.000005 -13.369229 -13.369229 -13.369229
 -0.000004 -13.617064 -13.617064 -13.617064
 -0.000004 -13.604795 -13.604795 -13.604795
 -0.000006 -13.180640 -13.180640 -13.180640
 -14.845132 -14.845132 -0.000001 -14.845132
 -1.386294 -1.386294 -1.386294 -1.386294
 -1.386294 -1.386294 -1.386294 -1.386294
 -1.386294 -1.386294 -1.386294 -1.386294
 -1.386294 -1.386294 -1.386294 -1.386294
 -1.386294 -1.386294 -1.386294 -1.386294
 -14.845132 -14.845132 -0.000001 -14.845132
 -1.386294 -1.386294 -1.386294 -1.386294
 -1.386294 -1.386294 -1.386294 -1.386294
 -1.386294 -1.386294 -1.386294 -1.386294
 -14.845132 -14.845132 -14.845132 -0.000001
 -1.386294 -1.386294 -1.386294 -1.386294
 -1.386294 -1.386294 -1.386294 -1.386294
 -1.386294 -1.386294 -1.386294 -1.386294
 -1.386294 -1.386294 -1.386294 -1.386294
 -0.000001 -14.845131 -14.845131 -14.845131
 -1.683545 -1.304056 -1.591738 -1.080913
 -1.386294 -1.386294 -1.386294 -1.386294
 -1.386294 -1.386294 -1.386294 -1.386294
 -1.386294 -1.386294 -1.386294 -1.386294
 -13.161592 -13.161592 -0.000006 -13.161592
 -13.541079 -13.541079 -0.000004 -13.541079
 -13.253399 -13.253399 -0.000005 -13.253399
 -13.764221 -13.764221 -0.000003 -13.764221
 -1.386294 -1.386294 -1.386294 -1.386294
 -1.386294 -1.386294 -1.386294 -1.386294
 -1.157453 -1.203973 -0.952659 -14.845132
 -1.386294 -1.386294 -1.386294 -1.386294
 -1.299283 -1.258461 -1.912384 -1.219241
 -1.295323 -1.486377 -1.486377 -1.295323
 -1.098613 -1.424035 -1.637608 -1.463255
 -1.386294 -1.386294 -1.386294 -1.386294
 -1.528468 -1.528468 -1.160745 -1.374318
 -1.070443 -1.683544 -1.304057 -1.609436
 -0.712199 -1.262242 -1.890845 -2.583980
 -2.224617 -1.739113 -1.259543 -0.838331
 -1.622682 -1.440361 -1.239692 -1.286211
 -1.438480 -1.304949 -1.187167 -1.679640
 -1.819155 -1.168572 -1.085191 -1.665006
 -1.864781 -1.554629 -0.796946 -1.697728
 -1.178656 -1.871797 -1.178656 -1.466336
 -1.280934 -1.504077 -1.443452 -1.332227
 -1.439216 -1.396657 -1.173514 -1.578978
 -1.774949 -1.369487 -0.942046 -1.679640
 -2.036877 -1.461517 -0.976012 -1.343735
 -1.370546 -1.578184 -1.252764 -1.370546
 -1.409825 -1.458615 -1.087053 -1.681757
 -1.642226 -2.181216 -1.082614 -1.036094
