 -1.176455 0.000100 0.000100 0.000100
 -1.454658 0.000100 0.000100 0.000100
 -1.454658 0.000100 0.000100 0.000100
 -1.493124 0.000100 0.000100 0.000100
 -1.203973 -1.475906 -1.460402 -1.430097
 -0.913936 -1.367602 -2.178530 -1.464766
 -0.925770 -1.386294 -1.773066 -1.693024
 -1.762771 -1.257677 -1.223776 -1.386294
 -1.009001 -1.692668 -1.488573 -1.488573
 -0.848755 -1.605080 -1.796135 -1.583574
 -0.825908 -1.413693 -1.482686 -2.387139
 -1.338892 -1.267433 -1.338892 -1.638996
 -0.917772 -1.871801 -1.618353 -1.392229
 -0.951560 -1.842531 -1.976062 -1.149385
 -0.648915 -1.604425 -1.961099 -1.997466
 -1.574550 -1.368699 -1.574550 -1.104548
 -1.658938 -2.174750 -0.826679 -1.352772
 -1.380324 -2.073469 -1.110661 -1.226174
 -1.055263 -1.804497 -0.919461 -2.423533
 -2.669824 -2.110211 -0.479574 -1.658228
 -14.403299 -14.403299 -0.000002 -14.403299
 -13.955276 -13.955276 -0.000003 -13.955276
 -15.238620 -15.238620 -0.000001 -15.238620
 -14.498610 -14.498610 -0.000002 -14.498610
 -1.386294 -1.386294 -1.386294 -1.386294
 -1.386294 -1.386294 -1.386294 -1.386294
 -16.021585 -16.021585 -16.021585 -0.000000
 -1.386294 -1.386294 -1.386294 -1.386294
 -1.386294 -1.386294 -1.386294 -1.386294
 -1.386294 -1.386294 -1.386294 -1.386294
 -1.386294 -1.386294 -1.386294 -1.386294
 -16.021585 -16.021585 -0.000000 -16.021585
 -1.386294 -1.386294 -1.386294 -1.386294
 -1.386294 -1.386294 -1.386294 -1.386294
 -0.325084 -1.793965 -3.073573 -2.733706
 -1.386294 -1.386294 -1.386294 -1.386294
 -15.696502 -15.696502 -0.000000 -15.696502
 -14.227623 -14.227623 -0.000002 -14.227623
 -12.948019 -12.948019 -0.000007 -12.948019
 -13.287885 -13.287885 -0.000005 -13.287885
 -1.386294 -1.386294 -1.386294 -1.386294
 -1.386294 -1.386294 -1.386294 -1.386294
 -16.021585 -16.021585 -16.021585 -0.000000
 -1.386294 -1.386294 -1.386294 -1.386294
 -1.386294 -1.386294 -1.386294 -1.386294
 -1.386294 -1.386294 -1.386294 -1.386294
 -1.386294 -1.386294 -1.386294 -1.386294
 -1.289783 -1.848400 -1.580136 -1.018231
 -1.532477 -1.394327 -1.937941 -0.936494
 -1.497108 -2.072470 -1.528857 -0.835711
 -1.026417 -1.339288 -1.935270 -1.446919
 -1.822721 -1.530334 -1.282154 -1.065626
 -1.250339 -1.456675 -2.192379 -0.997143
 -1.035638 -1.537117 -2.120261 -1.171183
 -1.177305 -1.308333 -1.962258 -1.269112
 -1.496222 -1.340061 -1.807657 -1.049372
 -1.183512 -1.394076 -1.791759 -1.276294
 -1.148967 -1.441354 -2.079440 -1.134980
 -1.164753 -1.217396 -1.783790 -1.496109
 -1.856962 -1.337663 -1.403045 -1.091990
 -1.369487 -1.320697 -1.750259 -1.187166
 -1.373501 -1.146974 -2.049839 -1.202543
 -1.474401 -1.104655 -1.853890 -1.261840
 -1.848271 -1.346792 -1.265666 -1.202753
 -1.358880 0.000100 0.000100 0.000100
 -1.542527 0.000100 0.000100 0.000100
 -1.272237 0.000100 0.000100 0.000100
 -1.390273 0.000100 0.000100 0.000100
 -1.345207 -1.551544 -1.287578 -1.379694
 -1.378368 -1.388950 -1.489594 -1.297516
 -1.398515 -1.457603 -1.178655 -1.548575
 -1.780434 -1.520151 -1.067220 -1.313815
 -1.502856 -1.513905 -1.260125 -1.295216
 -1.516624 -1.440084 -1.293481 -1.311830
 -1.305802 -1.349927 -1.396089 -1.504077
 -1.912387 -1.471654 -1.049822 -1.299283
 -1.517218 -1.578587 -1.220647 -1.275206
 -1.516082 -1.403142 -1.422750 -1.225687
 -1.510012 -1.251777 -1.510012 -1.301257
 -1.855417 -1.454658 -1.155253 -1.220258
 -1.219883 -1.464482 -1.649216 -1.268202
 -1.308564 -1.334539 -1.639921 -1.300053
 -1.283068 -1.397012 -1.596726 -1.298573
 -2.175548 -1.431108 -1.009114 -1.262773
 -15.226499 -15.226499 -0.000001 -15.226499
 -15.281079 -15.281079 -0.000001 -15.281079
 -15.276449 -15.276449 -0.000001 -15.276449
 -15.402703 -15.402703 -0.000001 -15.402703
 -1.386294 -1.386294 -1.386294 -1.386294
 -1.386294 -1.386294 -1.386294 -1.386294
 -16.685112 -16.685112 -16.685112 -0.000000
 -1.386294 -1.386294 -1.386294 -1.386294
 -1.386294 -1.386294 -1.386294 -1.386294
 -1.386294 -1.386294 -1.386294 -1.386294
 -1.386294 -1.386294 -1.386294 -1.386294
 -16.685112 -16.685112 -0.000000 -16.685112
 -1.386294 -1.386294 -1.386294 -1.386294
 -1.386294 -1.386294 -1.386294 -1.386294
 -1.706451 -1.513767 -1.185057 -1.228665
 -1.386294 -1.386294 -1.386294 -1.386294
 -14.978662 -14.978662 -0.000001 -14.978662
 -15.171347 -15.171347 -0.000001 -15.171347
 -15.500057 -15.500057 -0.000001 -15.500057
 -15.456448 -15.456448 -0.000001 -15.456448
 -1.386294 -1.386294 -1.386294 -1.386294
 -1.386294 -1.386294 -1.386294 -1.386294
 -16.685112 -16.685112 -16.685112 -0.000000
 -1.386294 -1.386294 -1.386294 -1.386294
 -1.386294 -1.386294 -1.386294 -1.386294
 -1.386294 -1.386294 -1.386294 -1.386294
 -1.386294 -1.386294 -1.386294 -1.386294
 -1.715870 -1.534601 -1.096346 -1.307256
 -1.569247 -1.292994 -1.539394 -1.194554
 -1.335001 -1.558144 -1.462834 -1.221673
 -1.361146 -1.526396 -1.196643 -1.495624
 -2.073171 -1.380025 -1.092343 -1.247536
 -1.307272 -1.513404 -1.421386 -1.317125
 -1.463930 -1.413158 -1.292080 -1.383888
 -1.327338 -1.350505 -1.398514 -1.475148
 -1.613639 -1.613639 -0.952581 -1.532787
 -1.322346 -1.572397 -1.237549 -1.444563
 -1.317465 -1.444465 -1.374084 -1.413693
 -1.301896 -1.440579 -1.353568 -1.457246
 -1.948288 -1.306434 -1.100991 -1.369804
 -1.388672 -1.660606 -1.182821 -1.369804
 -1.147522 -1.560534 -1.473523 -1.412898
 -1.297945 -1.465668 -1.366413 -1.423108
 -1.832581 -1.498212 -1.068483 -1.298499
