 -1.272966 0.000100 0.000100 0.000100
 -1.326312 0.000100 0.000100 0.000100
 -1.582530 0.000100 0.000100 0.000100
 -1.389937 0.000100 0.000100 0.000100
 -1.011602 -1.602965 -1.323381 -1.778855
 -0.906070 -1.372689 -2.039165 -1.549619
 -1.013817 -1.293401 -1.731654 -1.682864
 -1.828937 -1.113319 -1.231102 -1.518783
 -0.864296 -1.570865 -1.518222 -1.885945
 -0.750307 -1.750936 -1.602517 -1.878769
 -0.676620 -1.455287 -1.568615 -2.995719
 -1.686398 -0.897943 -1.686398 -1.504077
 -0.455820 -2.415910 -2.521271 -1.627456
 -0.663735 -2.125248 -2.818389 -1.184268
 -0.464710 -1.731654 -2.162434 -2.530156
 -1.536234 -1.479076 -1.661396 -1.002154
 -2.442344 -3.302541 -0.284344 -2.089524
 -1.596014 -2.358146 -0.777707 -1.413693
 -1.424034 -2.379534 -0.693151 -1.791756
 -3.202730 -2.173123 -0.393346 -1.767660
 -13.287885 -13.287885 -0.000005 -13.287885
 -12.821269 -12.821269 -0.000008 -12.821269
 -15.121138 -15.121138 -0.000001 -15.121138
 -13.652996 -13.652996 -0.000004 -13.652996
 -1.386294 -1.386294 -1.386294 -1.386294
 -1.386294 -1.386294 -1.386294 -1.386294
 -15.520260 -15.520260 -15.520260 -0.000001
 -1.386294 -1.386294 -1.386294 -1.386294
 -1.386294 -1.386294 -1.386294 -1.386294
 -1.386294 -1.386294 -1.386294 -1.386294
 -1.386294 -1.386294 -1.386294 -1.386294
 -15.520260 -2.266866 -0.393717 -1.505897
 -1.386294 -1.386294 -1.386294 -1.386294
 -0.710850 -1.740463 -2.251282 -1.478101
 -0.325216 -1.890850 -2.658103 -2.871676
 -1.166435 -1.436725 -1.808287 -1.248673
 -15.021482 -15.021482 -0.000001 -15.021482
 -13.764221 -13.764221 -0.000003 -13.764221
 -13.161592 -13.161592 -0.000006 -13.161592
 -13.444452 -13.444452 -0.000004 -13.444452
 -1.386294 -1.386294 -1.386294 -1.386294
 -1.386294 -1.386294 -1.386294 -1.386294
 -1.052423 -0.646958 -2.061422 -15.520260
 -1.386294 -1.386294 -1.386294 -1.386294
 -1.197053 -1.646577 -1.473305 -1.287204
 -1.028232 -1.414465 -2.367121 -1.185624
 -1.252764 -0.990401 -1.683544 -1.850597
 -1.386294 -1.386294 -1.386294 -1.386294
 -1.087624 -1.797299 -1.797299 -1.104153
 -0.901366 -1.523053 -1.945908 -1.456362
 -1.098614 -1.435084 -1.791757 -1.339774
 -1.765783 -1.558144 -1.691675 -0.834227
 -1.178655 -1.178655 -1.664162 -1.633391
 -1.413693 -1.154183 -1.819156 -1.275543
 -1.215023 -0.873275 -1.738269 -2.208269
 -1.820089 -1.337238 -1.498506 -1.044252
 -1.321756 -1.439539 -1.504077 -1.294357
 -1.297347 -1.276294 -1.780198 -1.276294
 -1.108092 -1.052522 -2.024378 -1.667706
 -2.211927 -1.454245 -1.309063 -0.949690
 -1.489151 -1.106160 -1.594512 -1.424613
 -1.340385 -1.153799 -1.636650 -1.477586
 -1.174121 -0.986910 -2.135527 -1.609437
 -1.730389 -1.055263 -1.730389 -1.212448
 -1.355207 0.000100 0.000100 0.000100
 -1.460623 0.000100 0.000100 0.000100
 -1.273012 0.000100 0.000100 0.000100
 -1.469557 0.000100 0.000100 0.000100
 -1.293215 -1.404977 -1.357693 -1.500644
 -1.301091 -1.337478 -1.511050 -1.408211
 -1.201020 -1.292776 -1.449659 -1.660968
 -1.846809 -1.217430 -1.278469 -1.317488
 -1.383510 -1.407040 -1.273056 -1.494052
 -1.258773 -1.369775 -1.446679 -1.485086
 -1.318241 -1.288947 -1.363091 -1.604624
 -1.873282 -1.233794 -1.173739 -1.402476
 -1.343312 -1.460967 -1.405568 -1.340248
 -1.235724 -1.488233 -1.541822 -1.310765
 -1.317086 -1.312615 -1.419364 -1.509131
 -1.775629 -1.334282 -1.245451 -1.274879
 -1.153733 -1.622021 -1.607763 -1.249288
 -1.332110 -1.415535 -1.521373 -1.291447
 -1.158695 -1.431152 -1.515968 -1.480712
 -2.184872 -1.315186 -1.152784 -1.192944
 -18.166691 -18.166691 0.000000 -18.166691
 -18.113068 -18.113068 0.000000 -18.113068
 -18.121735 -18.121735 0.000000 -18.121735
 -18.255806 -18.255806 0.000000 -18.255806
 -1.386294 -1.386294 -1.386294 -1.386294
 -1.386294 -1.386294 -1.386294 -1.386294
 -19.552244 -19.552244 -19.552244 0.000000
 -1.386294 -1.386294 -1.386294 -1.386294
 -1.386294 -1.386294 -1.386294 -1.386294
 -1.386294 -1.386294 -1.386294 -1.386294
 -1.386294 -1.386294 -1.386294 -1.386294
 -19.552244 -1.008284 -1.295377 -1.017878
 -1.386294 -1.386294 -1.386294 -1.386294
 -1.357368 -1.498040 -1.488203 -1.226502
 -1.346684 -1.448628 -1.267896 -1.497970
 -2.410289 -1.451952 -1.106048 -1.063533
 -17.930475 -17.930475 0.000000 -17.930475
 -18.084648 -18.084648 0.000000 -18.084648
 -18.275656 -18.275656 0.000000 -18.275656
 -18.324610 -18.324610 0.000000 -18.324610
 -1.386294 -1.386294 -1.386294 -1.386294
 -1.386294 -1.386294 -1.386294 -1.386294
 -1.066244 -1.006606 -1.237035 -19.552244
 -1.386294 -1.386294 -1.386294 -1.386294
 -1.361773 -1.463686 -1.290856 -1.438105
 -1.273180 -1.434291 -1.432071 -1.414851
 -1.284831 -1.268499 -1.473922 -1.546352
 -1.386294 -1.386294 -1.386294 -1.386294
 -1.212785 -1.651019 -1.269213 -1.470873
 -1.207138 -1.576359 -1.328400 -1.472633
 -1.151253 -1.386164 -1.402919 -1.672117
 -1.691716 -1.382415 -1.169501 -1.369228
 -1.227168 -1.488377 -1.382913 -1.468402
 -1.265457 -1.423447 -1.504438 -1.367020
 -1.216278 -1.304297 -1.456577 -1.613078
 -1.823517 -1.295609 -1.234153 -1.295609
 -1.387896 -1.533125 -1.211099 -1.441087
 -1.285287 -1.494099 -1.365060 -1.412176
 -1.259598 -1.352488 -1.355503 -1.610347
 -1.823978 -1.339638 -1.172584 -1.320090
 -1.318951 -1.496440 -1.313528 -1.427998
 -1.268093 -1.532133 -1.426399 -1.337940
 -1.282225 -1.355886 -1.383993 -1.540445
 -1.735283 -1.400580 -1.145522 -1.350394
