 -1.240493 0.000100 0.000100 0.000100
 -1.349927 0.000100 0.000100 0.000100
 -1.745239 0.000100 0.000100 0.000100
 -1.284114 0.000100 0.000100 0.000100
 -0.972733 -1.964370 -1.208046 -1.698668
 -1.252763 -1.352847 -1.435084 -1.524696
 -0.663296 -1.459625 -2.110209 -2.030167
 -1.559738 -1.085955 -1.227605 -1.837369
 -0.945983 -1.211091 -1.625523 -2.145397
 -0.671487 -1.661883 -1.784485 -2.029607
 -0.707333 -1.292266 -2.065453 -2.247773
 -1.514127 -1.078811 -1.514127 -1.514127
 -0.584389 -2.025597 -2.163747 -1.630944
 -0.648977 -1.711220 -2.645523 -1.488077
 -0.415518 -1.966110 -2.525720 -2.120259
 -1.858896 -0.909820 -1.778854 -1.299283
 -2.411782 -3.271978 -0.258236 -2.302583
 -1.936338 -3.034937 -0.550049 -1.466337
 -1.244325 -13.287885 -0.643554 -1.679640
 -2.790277 -2.251287 -0.445741 -1.645155
 -13.384734 -13.384734 -0.000005 -13.384734
 -12.542559 -12.542559 -0.000011 -12.542559
 -15.171347 -15.171347 -0.000001 -15.171347
 -13.664692 -13.664692 -0.000003 -13.664692
 -1.386294 -1.386294 -1.386294 -1.386294
 -1.386294 -1.386294 -1.386294 -1.386294
 -15.550700 -15.550700 -15.550700 -0.000001
 -1.386294 -1.386294 -1.386294 -1.386294
 -1.386294 -1.386294 -1.386294 -1.386294
 -1.386294 -1.386294 -1.386294 -1.386294
 -1.386294 -1.386294 -1.386294 -1.386294
 -15.550700 -1.316479 -15.550700 -0.312081
 -1.386294 -1.386294 -1.386294 -1.386294
 -0.360443 -2.028146 -2.538968 -2.384819
 -1.386294 -1.386294 -1.386294 -1.386294
 -1.453567 -0.922333 -2.002926 -1.453567
 -14.523548 -14.523548 -0.000001 -14.523548
 -14.430698 -14.430698 -0.000002 -14.430698
 -13.429854 -13.429854 -0.000004 -13.429854
 -13.919874 -13.919874 -0.000003 -13.919874
 -1.386294 -1.386294 -1.386294 -1.386294
 -1.386294 -1.386294 -1.386294 -1.386294
 -15.550700 -15.550700 -15.550700 -0.000001
 -1.386294 -1.386294 -1.386294 -1.386294
 -1.386294 -1.386294 -1.386294 -1.386294
 -1.386294 -1.386294 -1.386294 -1.386294
 -1.386294 -1.386294 -1.386294 -1.386294
 -1.442519 -1.435085 -1.536338 -1.169875
 -1.806796 -1.184268 -1.678963 -1.069199
 -1.167606 -1.537979 -1.909541 -1.121086
 -1.220503 -1.307514 -1.668526 -1.402824
 -1.874646 -1.432814 -1.644123 -0.880025
 -1.233270 -1.059998 -2.541595 -1.260669
 -0.987751 -1.239064 -2.674141 -1.313172
 -1.257677 -1.190986 -2.427741 -1.128466
 -1.736329 -1.185153 -1.861492 -1.014196
 -1.230290 -1.275753 -1.818075 -1.323381
 -1.238659 -1.341843 -1.874646 -1.219241
 -1.679640 -0.942046 -1.187167 -2.131620
 -1.962906 -1.174451 -1.269761 -1.310583
 -1.356441 -1.032655 -1.887068 -1.448815
 -1.507076 -1.166751 -1.982498 -1.110661
 -1.261132 -1.176574 -1.609437 -1.568615
 -1.778335 -1.126012 -1.701374 -1.126012
 -1.304156 0.000100 0.000100 0.000100
 -1.479171 0.000100 0.000100 0.000100
 -1.289722 0.000100 0.000100 0.000100
 -1.489770 0.000100 0.000100 0.000100
 -1.304988 -1.447551 -1.345422 -1.455649
 -1.324961 -1.336357 -1.619275 -1.297027
 -1.300946 -1.335874 -1.459301 -1.459301
 -1.944389 -1.207022 -1.348949 -1.209569
 -1.432104 -1.346582 -1.295972 -1.480894
 -1.289565 -1.383694 -1.464819 -1.415358
 -1.471148 -1.312084 -1.350235 -1.419228
 -1.864481 -1.299951 -1.104643 -1.422340
 -1.460755 -1.294460 -1.415731 -1.381725
 -1.245937 -1.491437 -1.526839 -1.309116
 -1.422012 -1.209838 -1.406548 -1.534614
 -1.768999 -1.376273 -1.238122 -1.248098
 -1.042430 -1.560892 -1.752313 -1.331496
 -1.293422 -1.352262 -1.816223 -1.189491
 -1.257271 -1.423662 -1.578771 -1.314859
 -2.144788 -1.348006 -1.265972 -1.075332
 -16.514856 -16.514856 -0.000000 -16.514856
 -16.466639 -16.466639 -0.000000 -16.466639
 -16.302914 -16.302914 -0.000000 -16.302914
 -16.661583 -16.661583 -0.000000 -16.661583
 -1.386294 -1.386294 -1.386294 -1.386294
 -1.386294 -1.386294 -1.386294 -1.386294
 -17.880941 -17.880941 -17.880941 -0.000000
 -1.386294 -1.386294 -1.386294 -1.386294
 -1.386294 -1.386294 -1.386294 -1.386294
 -1.386294 -1.386294 -1.386294 -1.386294
 -1.386294 -1.386294 -1.386294 -1.386294
 -17.880941 -0.711325 -17.880941 -0.675294
 -1.386294 -1.386294 -1.386294 -1.386294
 -1.453492 -1.527945 -1.331235 -1.254862
 -1.386294 -1.386294 -1.386294 -1.386294
 -2.325426 -1.554360 -0.998625 -1.131503
 -16.076231 -16.076231 -0.000000 -16.076231
 -16.339638 -16.339638 -0.000000 -16.339638
 -16.732740 -16.732740 -0.000000 -16.732740
 -16.690769 -16.690769 -0.000000 -16.690769
 -1.386294 -1.386294 -1.386294 -1.386294
 -1.386294 -1.386294 -1.386294 -1.386294
 -17.880941 -17.880941 -17.880941 -0.000000
 -1.386294 -1.386294 -1.386294 -1.386294
 -1.386294 -1.386294 -1.386294 -1.386294
 -1.386294 -1.386294 -1.386294 -1.386294
 -1.386294 -1.386294 -1.386294 -1.386294
 -1.779992 -1.199238 -1.266322 -1.394044
 -1.534023 -1.255820 -1.617610 -1.200250
 -1.207965 -1.596432 -1.329326 -1.452770
 -1.315234 -1.490776 -1.201744 -1.581233
 -1.878394 -1.233924 -1.229184 -1.333757
 -1.247061 -1.414567 -1.481462 -1.417513
 -1.286979 -1.377226 -1.556219 -1.344436
 -1.199965 -1.285637 -1.656169 -1.463382
 -1.873557 -1.229542 -1.343735 -1.227147
 -1.531980 -1.522706 -1.201738 -1.327646
 -1.302939 -1.467411 -1.366530 -1.415699
 -1.430605 -1.352806 -1.355804 -1.408204
 -1.924717 -1.369041 -1.066989 -1.363792
 -1.269823 -1.519938 -1.453827 -1.321559
 -1.263197 -1.470641 -1.384149 -1.439964
 -1.312778 -1.388070 -1.280343 -1.592434
 -1.736189 -1.363429 -1.250385 -1.267152
