 -1.299999 0.000100 0.000100 0.000100
 -1.622397 0.000100 0.000100 0.000100
 -1.399253 0.000100 0.000100 0.000100
 -1.261384 0.000100 0.000100 0.000100
 -1.378451 -1.410200 -1.206601 -1.586090
 -1.189585 -1.631416 -1.688574 -1.154494
 -1.189585 -1.161414 -1.800491 -1.526056
 -2.110210 -1.121603 -1.193923 -1.386294
 -1.213023 -1.713796 -1.154183 -1.574035
 -1.001884 -1.716535 -1.593933 -1.386294
 -0.864999 -1.478101 -1.335001 -2.433607
 -2.019335 -1.038509 -1.201028 -1.549333
 -1.407497 -1.595548 -1.201645 -1.379326
 -1.359143 -1.695614 -1.395511 -1.164988
 -0.957114 -1.244795 -1.609437 -2.055722
 -1.849576 -1.087440 -1.444114 -1.310583
 -1.427116 -1.244795 -1.650259 -1.272966
 -1.526056 -1.526056 -1.189585 -1.343735
 -1.227230 -1.662547 -1.170072 -1.575536
 -2.621030 -1.404643 -0.730190 -1.609437
 -13.785055 -13.785055 -0.000003 -13.785055
 -13.910825 -13.910825 -0.000003 -13.910825
 -14.207556 -14.207556 -0.000002 -14.207556
 -13.919874 -13.919874 -0.000003 -13.919874
 -1.386294 -1.386294 -1.386294 -1.386294
 -1.386294 -1.386294 -1.386294 -1.386294
 -15.354527 -15.354527 -15.354527 -0.000001
 -1.386294 -1.386294 -1.386294 -1.386294
 -1.386294 -1.386294 -1.386294 -1.386294
 -1.386294 -1.386294 -1.386294 -1.386294
 -1.386294 -1.386294 -1.386294 -1.386294
 -0.000001 -15.354527 -15.354527 -15.354527
 -0.000001 -15.354527 -15.354527 -15.354527
 -1.386294 -1.386294 -1.386294 -1.386294
 -1.386294 -1.386294 -1.386294 -1.386294
 -1.386294 -1.386294 -1.386294 -1.386294
 -15.354527 -15.354527 -0.000001 -15.354527
 -1.386294 -1.386294 -1.386294 -1.386294
 -1.386294 -1.386294 -1.386294 -1.386294
 -1.386294 -1.386294 -1.386294 -1.386294
 -1.386294 -1.386294 -1.386294 -1.386294
 -1.386294 -1.386294 -1.386294 -1.386294
 -15.354527 -15.354527 -15.354527 -0.000001
 -1.386294 -1.386294 -1.386294 -1.386294
 -1.386294 -1.386294 -1.386294 -1.386294
 -1.386294 -1.386294 -1.386294 -1.386294
 -1.386294 -1.386294 -1.386294 -1.386294
 -15.354527 -15.354527 -15.354527 -0.000001
 -1.386294 -1.386294 -1.386294 -1.386294
 -1.386294 -1.386294 -1.386294 -1.386294
 -1.386294 -1.386294 -1.386294 -1.386294
 -2.033311 -1.559218 -1.284373 -0.962402
 -1.625965 -1.220503 -2.501422 -0.852780
 -1.119233 -1.876915 -2.505517 -0.823769
 -1.122144 -1.394076 -1.768769 -1.363305
 -1.747795 -1.716047 -1.249958 -1.022901
 -1.296438 -1.265667 -1.928958 -1.206826
 -1.396657 -1.108976 -2.009758 -1.242507
 -1.276294 -1.363305 -1.196252 -1.815287
 -1.933932 -1.086637 -1.585627 -1.160745
 -1.178656 -1.348554 -1.754017 -1.348554
 -1.071025 -1.156183 -2.323783 -1.407497
 -1.504077 -1.098613 -2.014899 -1.167606
 -1.681758 -1.122144 -1.681758 -1.196251
 -1.331235 0.000100 0.000100 0.000100
 -1.667704 0.000100 0.000100 0.000100
 -1.137080 0.000100 0.000100 0.000100
 -1.485384 0.000100 0.000100 0.000100
 -1.029628 -1.252767 -1.540440 -1.945889
 -2.302525 -1.203979 -0.916306 -1.609428
 -1.446918 -2.140040 -0.636001 -2.140040
 -1.386294 -1.791743 -1.098621 -1.386294
 -1.871783 -1.466334 -1.178661 -1.178661
 -1.299286 -2.397832 -1.011612 -1.299286
 -1.203976 -1.049828 -1.386294 -2.302555
 -1.504072 -2.197169 -1.098623 -1.098623
 -2.564880 -1.871783 -0.773204 -1.178661
 -1.791743 -1.791743 -1.098621 -1.098621
 -1.163156 -1.386294 -1.163156 -2.079417
 -0.693164 -2.484840 -1.791743 -1.386294
 -1.029628 -1.945889 -1.945889 -1.029628
 -1.504072 -1.098623 -1.504072 -1.504072
 -1.446918 -2.833137 -0.636001 -1.734591
 -11.775321 -0.955522 -1.466334 -0.955522
 -11.608273 -11.608273 -0.000027 -11.608273
 -11.608273 -11.608273 -0.000027 -11.608273
 -11.982954 -11.982954 -0.000019 -11.982954
 -11.918417 -11.918417 -0.000020 -11.918417
 -1.386294 -1.386294 -1.386294 -1.386294
 -1.386294 -1.386294 -1.386294 -1.386294
 -13.180640 -13.180640 -13.180640 -0.000006
 -1.386294 -1.386294 -1.386294 -1.386294
 -1.386294 -1.386294 -1.386294 -1.386294
 -1.386294 -1.386294 -1.386294 -1.386294
 -1.386294 -1.386294 -1.386294 -1.386294
 -0.000006 -13.180640 -13.180640 -13.180640
 -0.000006 -13.180640 -13.180640 -13.180640
 -1.386294 -1.386294 -1.386294 -1.386294
 -1.386294 -1.386294 -1.386294 -1.386294
 -1.386294 -1.386294 -1.386294 -1.386294
 -13.180640 -13.180640 -0.000006 -13.180640
 -1.386294 -1.386294 -1.386294 -1.386294
 -1.386294 -1.386294 -1.386294 -1.386294
 -1.386294 -1.386294 -1.386294 -1.386294
 -1.386294 -1.386294 -1.386294 -1.386294
 -1.386294 -1.386294 -1.386294 -1.386294
 -13.180640 -13.180640 -13.180640 -0.000006
 -1.386294 -1.386294 -1.386294 -1.386294
 -1.386294 -1.386294 -1.386294 -1.386294
 -1.386294 -1.386294 -1.386294 -1.386294
 -1.386294 -1.386294 -1.386294 -1.386294
 -13.180640 -13.180640 -13.180640 -0.000006
 -1.386294 -1.386294 -1.386294 -1.386294
 -1.386294 -1.386294 -1.386294 -1.386294
 -1.386294 -1.386294 -1.386294 -1.386294
 -2.583980 -1.079922 -1.197704 -1.262242
 -1.386294 -1.386294 -0.693197 -10.596735
 -0.693158 -1.791748 -1.504075 -2.197197
 -0.980838 -2.079417 -1.163156 -1.673968
 -2.014880 -1.321757 -1.321757 -1.098619
 -0.492490 -2.197197 -2.197197 -1.791748
 -0.693167 -11.512965 -1.609428 -1.203979
 -2.014880 -1.098619 -1.321757 -1.321757
 -2.302525 -0.916306 -1.609428 -1.203979
 -0.998536 -1.335002 -1.845814 -1.558141
 -0.452007 -2.397832 -2.397832 -1.704734
 -0.916306 -2.302525 -1.203979 -1.609428
 -2.564880 -0.955522 -0.773204 -2.564880
