 -1.386294 0.000100 0.000100 0.000100
 -1.421141 0.000100 0.000100 0.000100
 -1.282305 0.000100 0.000100 0.000100
 -1.464626 0.000100 0.000100 0.000100
 -1.071584 -1.400088 -1.805551 -1.400088
 -1.311174 -1.452252 -1.393412 -1.393412
 -0.976723 -1.280934 -1.791758 -1.720299
 -1.769779 -1.647177 -1.034075 -1.267689
 -1.483933 -1.276294 -1.255674 -1.563975
 -1.507655 -1.683545 -1.113002 -1.330725
 -1.069199 -1.496642 -1.463852 -1.602002
 -1.559957 -1.120592 -1.400893 -1.526056
 -1.421386 -1.006443 -1.609437 -1.644529
 -1.448598 -1.072121 -1.569959 -1.538210
 -0.980830 -1.246533 -1.779336 -1.779336
 -2.094943 -1.129866 -1.203973 -1.371027
 -1.428258 -1.222407 -1.848111 -1.176945
 -1.365675 -1.365675 -1.543923 -1.287204
 -1.075083 -1.280934 -2.003066 -1.402295
 -1.651996 -1.098613 -1.261132 -1.651996
 -1.643339 -1.249436 -1.576648 -1.160488
 -1.092643 -1.267846 -1.939938 -1.429114
 -1.343735 -1.161414 -1.700408 -1.412727
 -1.468532 -0.980830 -1.527373 -1.728043
 -1.297063 -1.373049 -1.455287 -1.427116
 -1.239195 -1.277661 -1.743749 -1.359339
 -1.080431 -1.324052 -1.858132 -1.433251
 -1.459319 -1.292266 -1.344909 -1.459319
 -1.168041 -1.488948 -2.055342 -1.092534
 -1.206099 -1.472727 -1.688949 -1.249584
 -0.903972 -1.428495 -2.023199 -1.499953
 -1.292266 -1.777772 -1.623622 -1.024002
 -1.082613 -1.967648 -2.134702 -0.908259
 -1.435084 -1.578185 -1.578185 -1.052093
 -1.211091 -1.498772 -1.835242 -1.142098
 -2.046287 -1.420583 -1.420583 -0.947678
 -1.119666 -1.750936 -1.037988 -1.925289
 -1.040019 -2.188637 -1.040019 -1.709067
 -0.712197 -2.265538 -1.229452 -2.178528
 -1.290151 -2.745432 -0.674966 -1.887986
 -2.733362 -0.198452 -5.298219 -2.207273
 -1.658226 -1.007643 -1.658226 -1.370546
 -3.258087 -0.132312 -3.663547 -2.816258
 -3.772715 -0.307028 -2.163318 -2.068008
 -12.793870 -12.793870 -12.793870 -0.000008
 -15.332834 -15.332834 -15.332834 -0.000001
 -12.577650 -12.577650 -12.577650 -0.000010
 -13.353481 -13.353481 -13.353481 -0.000005
 -1.386294 -1.386294 -1.386294 -1.386294
 -1.386294 -1.386294 -1.386294 -1.386294
 -1.386294 -1.386294 -1.386294 -1.386294
 -0.778914 -2.135794 -1.071584 -2.519752
 -0.045811 -3.511534 -4.897791 -4.897791
 -1.238375 -1.931517 -1.669155 -0.976012
 -0.139264 -2.733362 -3.688861 -3.218865
 -1.285199 -1.211092 -1.770702 -1.365241
 -15.348068 -0.000001 -15.348068 -15.348068
 -13.017012 -0.000007 -13.017012 -13.017012
 -12.542559 -0.000011 -12.542559 -12.542559
 -13.081550 -0.000006 -13.081550 -13.081550
 -1.386294 -1.386294 -1.386294 -1.386294
 -1.133459 -1.205115 -2.052412 -1.386294
 -1.386294 -1.386294 -1.386294 -1.386294
 -1.386294 -1.386294 -1.386294 -1.386294
 -1.247458 -1.175999 -1.835243 -1.407801
 -1.427116 -1.037652 -1.609437 -1.581267
 -1.272966 -1.321756 -1.752536 -1.272966
 -2.093232 -1.051782 -1.517870 -1.176945
 -1.769779 -1.471287 -1.439539 -1.013455
 -1.614687 -0.975608 -1.381073 -1.755765
 -1.333185 -1.203973 -1.655957 -1.404643
 -2.106838 -1.126012 -1.168571 -1.413693
 -1.185624 -1.248145 -2.379540 -1.155771
 -1.688575 -1.120592 -1.659587 -1.207603
 -1.623136 -1.098613 -1.524696 -1.379515
 -2.337672 -1.105533 -1.313172 -1.192545
 -1.481604 -1.333185 -1.927889 -1.011602
 -1.681093 -1.109308 -1.770705 -1.158905
 -1.534714 -1.227230 -1.809149 -1.116005
 -2.000302 -1.223776 -1.329136 -1.184555
 -1.463255 -1.280934 -2.379540 -0.920932
 -1.638425 -1.121735 -1.797489 -1.157453
 -1.252763 -1.386294 -1.885283 -1.163152
 -1.909541 -0.951288 -1.528175 -1.391599
 -1.483286 -1.141538 -2.581891 -0.972462
 -1.547562 -1.386294 -2.145397 -0.866995
 -1.578978 -1.048352 -2.965257 -0.937126
 -1.974079 -0.888893 -2.484902 -1.003303
 -0.607627 -1.386294 -3.109045 -1.828125
 -1.057998 -1.736329 -1.185153 -1.766182
 -1.041456 -1.098614 -1.533929 -2.322376
 -1.537525 -1.085541 -1.368903 -1.645155
 -14.483342 -0.000002 -14.483342 -14.483342
 -14.260199 -0.000002 -14.260199 -14.260199
 -14.100693 -0.000002 -14.100693 -14.100693
 -13.815515 -0.000003 -13.815515 -13.815515
 -1.386294 -1.386294 -1.386294 -1.386294
 -0.000001 -15.580242 -15.580242 -15.580242
 -1.386294 -1.386294 -1.386294 -1.386294
 -1.386294 -1.386294 -1.386294 -1.386294
 -15.580242 -15.580242 -0.000001 -15.580242
 -1.386294 -1.386294 -1.386294 -1.386294
 -1.386294 -1.386294 -1.386294 -1.386294
 -1.386294 -1.386294 -1.386294 -1.386294
 -1.386294 -1.386294 -1.386294 -1.386294
 -1.386294 -1.386294 -1.386294 -1.386294
 -1.339463 -1.494704 -1.071584 -1.764730
 -1.386294 -1.386294 -1.386294 -1.386294
 -1.392852 -1.292769 -1.734600 -1.201797
 -1.984823 -1.409461 -1.507901 -0.923955
 -1.237875 -1.406497 -1.660731 -1.290984
 -1.832579 -1.078811 -1.514127 -1.272966
 -1.129866 -1.284016 -1.732039 -1.500238
 -1.500897 -0.945373 -1.622258 -1.655048
 -1.352393 -1.319603 -1.495493 -1.386294
 -1.866291 -0.894433 -1.614977 -1.437297
 -1.434268 0.000100 0.000100 0.000100
 -1.173223 0.000100 0.000100 0.000100
 -1.399452 0.000100 0.000100 0.000100
 -1.581774 0.000100 0.000100 0.000100
 -1.340502 -1.285286 -1.285286 -1.686627
 -1.550472 -1.168801 -1.348293 -1.525880
 -1.283586 -1.118680 -1.410877 -1.881785
 -2.001745 -1.013590 -1.323413 -1.444934
 -1.565462 -1.121969 -1.394836 -1.525570
 -1.447348 -1.228594 -1.380304 -1.511400
 -1.385252 -1.094450 -1.504599 -1.645535
 -2.053572 -0.902592 -1.308057 -1.630344
 -1.405738 -1.211274 -1.379896 -1.582837
 -1.376538 -1.243411 -1.500408 -1.443453
 -1.214328 -1.135716 -1.562015 -1.759183
 -1.793071 -1.080430 -1.304539 -1.501460
 -1.499623 -1.218211 -1.334109 -1.524941
 -1.399598 -1.220257 -1.396033 -1.557924
 -1.343350 -1.094004 -1.490885 -1.720460
 -2.067895 -1.007416 -1.184803 -1.596617
 -1.639743 -1.125079 -1.269064 -1.608195
 -1.480071 -1.215117 -1.443302 -1.428965
 -1.374770 -1.125309 -1.461781 -1.656912
 -2.126089 -1.012607 -1.272391 -1.438576
 -1.413250 -1.309530 -1.396990 -1.429779
 -1.366294 -1.242296 -1.438119 -1.519345
 -1.416798 -1.315872 -1.311880 -1.514323
 -2.059638 -1.004439 -1.281934 -1.475126
 -1.454936 -1.246639 -1.250922 -1.645714
 -1.428495 -1.135082 -1.459626 -1.576915
 -1.282423 -1.201496 -1.413221 -1.722979
 -2.123893 -0.963271 -1.353037 -1.425708
 -1.580274 -1.168839 -1.300105 -1.556604
 -1.441019 -1.104547 -1.507464 -1.558356
 -1.292845 -1.126999 -1.482251 -1.746512
 -2.075444 -0.918296 -1.356049 -1.524989
 -1.443157 -1.295104 -1.313623 -1.509115
 -1.435728 -1.242765 -1.422305 -1.459661
 -1.514845 -1.266384 -1.270392 -1.525155
 -2.070089 -0.964410 -1.271050 -1.550789
 -1.587684 -1.169640 -1.327269 -1.514481
 -1.422029 -1.132483 -1.528219 -1.515848
 -1.357895 -1.126783 -1.467710 -1.669870
 -1.884133 -0.905322 -1.386294 -1.641819
 -15.894953 -15.894953 -15.894953 -0.000000
 -16.335625 -16.335625 -16.335625 -0.000000
 -15.983421 -15.983421 -15.983421 -0.000000
 -15.837059 -15.837059 -15.837059 -0.000000
 -1.386294 -1.386294 -1.386294 -1.386294
 -1.386294 -1.386294 -1.386294 -1.386294
 -1.386294 -1.386294 -1.386294 -1.386294
 -1.884133 -1.074398 -1.267302 -1.491897
 -1.942332 -0.953721 -1.870011 -1.148209
 -1.772801 -1.281891 -1.231460 -1.344133
 -1.770706 -1.207849 -1.121107 -1.584604
 -2.205735 -0.914477 -1.369487 -1.448737
 -15.538278 -0.000001 -15.538278 -15.538278
 -16.302914 -0.000000 -16.302914 -16.302914
 -16.117096 -0.000000 -16.117096 -16.117096
 -16.023785 -0.000000 -16.023785 -16.023785
 -1.386294 -1.386294 -1.386294 -1.386294
 -1.310787 -1.328108 -1.434268 -1.482258
 -1.386294 -1.386294 -1.386294 -1.386294
 -1.386294 -1.386294 -1.386294 -1.386294
 -1.255798 -1.555371 -1.161133 -1.655958
 -1.429346 -1.366955 -1.281962 -1.477707
 -1.143012 -1.362578 -1.394327 -1.730799
 -2.025753 -0.924115 -1.266648 -1.663638
 -1.597343 -1.096402 -1.305571 -1.647774
 -1.398223 -1.114549 -1.517006 -1.582146
 -1.367100 -1.053150 -1.471194 -1.791759
 -2.228082 -0.773651 -1.466798 -1.608057
 -1.343304 -1.358267 -1.348267 -1.504077
 -1.330643 -1.305325 -1.359547 -1.571028
 -1.167523 -1.335920 -1.376014 -1.752362
 -1.840120 -1.032198 -1.231531 -1.644376
 -1.572688 -1.315094 -1.170666 -1.542229
 -1.398910 -1.213987 -1.410698 -1.550460
 -1.234809 -1.267362 -1.475001 -1.615668
 -2.003389 -0.974492 -1.378153 -1.445217
 -1.469152 -1.180162 -1.369568 -1.568134
 -1.529673 -1.110415 -1.445791 -1.521374
 -1.434874 -1.041278 -1.603135 -1.572205
 -2.030954 -0.894243 -1.352478 -1.603089
 -1.381045 -1.381045 -1.286211 -1.509354
 -1.355428 -1.376934 -1.331403 -1.488525
 -1.254497 -1.330163 -1.304299 -1.720460
 -1.826109 -1.105127 -1.141059 -1.669657
 -1.588338 -1.115591 -1.247167 -1.710940
 -1.728601 -1.142699 -1.391322 -1.367417
 -1.370850 -1.136278 -1.340659 -1.811406
 -1.936693 -0.888249 -1.604161 -1.413106
 -15.802014 -0.000000 -15.802014 -15.802014
 -16.342039 -0.000000 -16.342039 -16.342039
 -16.040134 -0.000000 -16.040134 -16.040134
 -15.852828 -0.000000 -15.852828 -15.852828
 -1.386294 -1.386294 -1.386294 -1.386294
 0.000000 -17.418833 -17.418833 -17.418833
 -1.386294 -1.386294 -1.386294 -1.386294
 -1.386294 -1.386294 -1.386294 -1.386294
 -17.418833 -17.418833 -0.000000 -17.418833
 -1.386294 -1.386294 -1.386294 -1.386294
 -1.386294 -1.386294 -1.386294 -1.386294
 -1.386294 -1.386294 -1.386294 -1.386294
 -1.386294 -1.386294 -1.386294 -1.386294
 -1.386294 -1.386294 -1.386294 -1.386294
 -1.505304 -0.915474 -1.587086 -1.753293
 -1.386294 -1.386294 -1.386294 -1.386294
 -1.327910 -1.351330 -1.394920 -1.477441
 -1.368762 -1.284205 -1.426550 -1.475906
 -1.192060 -1.174668 -1.584453 -1.701424
 -1.782369 -1.070704 -1.273415 -1.564849
 -1.336732 -1.312341 -1.246297 -1.711800
 -1.440153 -1.162402 -1.440153 -1.544197
 -1.315574 -1.262392 -1.362895 -1.646181
 -2.152772 -0.906241 -1.351551 -1.509775
