 -1.395925 0.000100 0.000100 0.000100
 -1.315386 0.000100 0.000100 0.000100
 -1.357946 0.000100 0.000100 0.000100
 -1.483523 0.000100 0.000100 0.000100
 -1.282225 -1.354546 -1.711220 -1.259236
 -1.689976 -1.317302 -1.386294 -1.211941
 -1.111113 -1.056053 -2.085670 -1.615668
 -2.011386 -1.149165 -1.194627 -1.400479
 -1.133460 -1.051782 -2.039165 -1.616310
 -1.375599 -0.991641 -1.858450 -1.512174
 -1.489151 -0.978327 -1.799305 -1.456362
 -1.584896 -1.189584 -1.392525 -1.417843
 -1.227605 -1.164426 -1.724040 -1.529885
 -1.346020 -1.311534 -1.833723 -1.169564
 -1.867265 -0.768656 -1.867265 -1.481604
 -1.507655 -1.252763 -1.278081 -1.540444
 -1.303708 -1.066037 -2.072838 -1.353718
 -1.342061 -1.342061 -1.827568 -1.150171
 -1.313388 -1.090245 -1.783390 -1.483286
 -1.622258 -1.227605 -1.295046 -1.445328
 -1.265667 -1.098613 -1.830979 -1.494508
 -1.509354 -1.276732 -1.691675 -1.152680
 -1.098613 -1.302212 -1.902983 -1.403994
 -1.615480 -1.283347 -1.104655 -1.646251
 -1.367366 -1.048913 -1.878190 -1.418660
 -1.312187 -1.908168 -1.490434 -1.029620
 -1.121603 -0.990983 -1.887068 -1.887068
 -1.432507 -1.432507 -1.236763 -1.459906
 -1.368699 -1.086848 -1.911021 -1.345709
 -1.211941 -1.865866 -1.828126 -0.949578
 -1.256617 -0.975715 -2.228473 -1.466337
 -1.284715 -1.457986 -1.043553 -1.977860
 -1.170072 -0.882390 -1.900957 -2.068011
 -1.664162 -1.574550 -1.994403 -0.760452
 -1.338285 -0.629636 -2.406120 -2.164960
 -1.111113 -1.714108 -1.038354 -1.990360
 -1.403994 -0.487705 -3.195741 -2.308447
 -1.747956 -1.936008 -2.470088 -0.515814
 -1.265667 -0.587789 -2.564942 -2.459582
 -1.454245 -1.256420 -1.113319 -1.875457
 -1.171638 -0.895385 -3.164054 -1.429466
 -2.071072 -2.006533 -2.214172 -0.461636
 -0.550049 -1.523495 -2.747256 -1.958809
 -0.919272 -1.905087 -1.134981 -2.032919
 -0.831299 -0.748411 -2.392530 -14.436090
 -1.054161 -0.857452 -1.481604 -14.093145
 -0.503529 -1.109663 -2.719088 -13.721204
 -0.815550 -1.529750 -1.075833 -14.590240
 -0.945490 -0.840130 -3.062665 -2.016702
 -1.271029 -1.239280 -1.932425 -1.255028
 -0.818837 -1.155308 -2.541595 -1.799663
 -1.386294 -1.386294 -1.386294 -1.386294
 -1.954798 -0.592222 -2.712480 -1.431551
 -1.499623 -1.479820 -1.604983 -1.054938
 -0.962813 -1.368276 -2.397882 -1.299284
 -2.023199 -1.184873 -1.463586 -1.106912
 -13.989468 -0.000003 -13.989468 -13.989468
 -14.635292 -0.000001 -14.635292 -14.635292
 -13.742944 -0.000003 -13.742944 -13.742944
 -14.441451 -0.000002 -14.441451 -14.441451
 -1.386294 -1.386294 -1.386294 -1.386294
 -1.469537 -1.257567 -1.643560 -1.229864
 -1.386294 -1.386294 -1.386294 -1.386294
 -1.386294 -1.386294 -1.386294 -1.386294
 -1.185624 -0.980830 -2.404859 -1.473305
 -1.444114 -1.054650 -1.655422 -1.492904
 -1.361803 -1.158205 -1.800057 -1.330055
 -2.164961 -1.019832 -1.683125 -1.082352
 -1.143065 -1.035434 -2.362299 -1.461518
 -1.609437 -0.999179 -1.704747 -1.386294
 -1.479626 -1.118614 -1.724747 -1.319284
 -2.633081 -0.883888 -1.562645 -1.186169
 -1.593308 -0.841894 -2.509593 -1.256837
 -1.685537 -1.156278 -1.640074 -1.184058
 -1.572396 -0.902240 -2.466207 -1.197704
 -2.466883 -0.931559 -1.550597 -1.174120
 -1.811176 -0.906723 -2.447159 -1.060873
 -1.671131 -0.989414 -1.899972 -1.235814
 -1.550597 -1.068760 -2.197219 -1.098613
 -2.469154 -0.687871 -1.504077 -1.658227
 -1.326871 -0.974051 -3.198652 -1.150981
 -1.997610 -0.947790 -1.702811 -1.222227
 -1.439216 -0.937126 -2.377479 -1.278875
 -2.108767 -0.948600 -1.656783 -1.202048
 -1.219974 -1.286665 -3.555318 -0.916292
 -1.775365 -1.158205 -2.087739 -0.935061
 -1.441557 -1.165305 -2.047689 -1.131403
 -2.392530 -0.759840 -2.181222 -1.114873
 -0.649089 -1.098613 -2.917758 -2.406939
 -0.991444 -1.684590 -1.287289 -1.787244
 -0.970781 -0.893820 -1.887066 -2.803341
 -1.645155 -1.125281 -1.224653 -1.668145
 -14.552676 -0.000002 -14.552676 -14.552676
 -14.397729 -0.000002 -14.397729 -14.397729
 -14.180157 -0.000002 -14.180157 -14.180157
 -13.753639 -0.000003 -13.753639 -13.753639
 -1.386294 -1.386294 -1.386294 -1.386294
 -0.000001 -15.649692 -15.649692 -15.649692
 -1.386294 -1.386294 -1.386294 -1.386294
 -1.386294 -1.386294 -1.386294 -1.386294
 -15.649692 -15.649692 -0.000000 -15.649692
 -1.386294 -1.386294 -1.386294 -1.386294
 -1.386294 -1.386294 -1.386294 -1.386294
 -1.386294 -1.386294 -1.386294 -1.386294
 -1.386294 -1.386294 -1.386294 -1.386294
 -1.386294 -1.386294 -1.386294 -1.386294
 -1.224415 -1.462617 -1.229864 -1.703152
 -1.386294 -1.386294 -1.386294 -1.386294
 -1.659587 -1.056053 -1.688575 -1.283110
 -1.757857 -1.170072 -1.841238 -1.025491
 -1.683125 -1.019832 -1.743749 -1.277661
 -2.433607 -1.047320 -1.098613 -1.478101
 -1.147884 -1.118031 -1.936338 -1.553348
 -1.419394 -1.151131 -1.541996 -1.478818
 -1.233270 -1.317827 -1.548350 -1.476891
 -2.553895 -0.862224 -1.431757 -1.342809
 -1.323274 0.000100 0.000100 0.000100
 -1.225553 0.000100 0.000100 0.000100
 -1.414716 0.000100 0.000100 0.000100
 -1.623801 0.000100 0.000100 0.000100
 -1.506194 -1.248076 -1.182362 -1.689363
 -1.550293 -1.161703 -1.389281 -1.488960
 -1.282016 -1.173136 -1.449238 -1.723848
 -2.147709 -0.882601 -1.341622 -1.569632
 -1.592163 -1.108108 -1.223657 -1.759217
 -1.476652 -1.115103 -1.365161 -1.669305
 -1.499575 -0.979643 -1.430725 -1.818960
 -2.163667 -0.812027 -1.300536 -1.779314
 -1.243382 -1.321520 -1.491899 -1.514499
 -1.261303 -1.269218 -1.405898 -1.658013
 -1.185104 -1.204767 -1.473825 -1.798928
 -1.831325 -1.020893 -1.334498 -1.531386
 -1.453925 -1.270608 -1.194784 -1.698716
 -1.515412 -1.115394 -1.456763 -1.516371
 -1.291411 -1.144463 -1.477341 -1.723288
 -2.183158 -0.891959 -1.364008 -1.505850
 -1.599924 -1.088811 -1.229003 -1.778522
 -1.462350 -1.117236 -1.375134 -1.669611
 -1.401369 -0.984679 -1.511834 -1.834607
 -2.239648 -0.840968 -1.233126 -1.767082
 -1.238298 -1.344246 -1.513013 -1.473417
 -1.263798 -1.310755 -1.413271 -1.587388
 -1.259257 -1.208217 -1.444285 -1.706548
 -1.831139 -1.025226 -1.317614 -1.545148
 -1.504196 -1.280839 -1.170018 -1.662634
 -1.511199 -1.128739 -1.505369 -1.452526
 -1.356625 -1.124649 -1.465126 -1.678486
 -2.186906 -0.873884 -1.400427 -1.496480
 -1.603733 -1.082483 -1.253667 -1.744993
 -1.469807 -1.083422 -1.402295 -1.684360
 -1.441298 -0.967375 -1.501726 -1.829119
 -2.241309 -0.789596 -1.357658 -1.701608
 -1.272519 -1.311248 -1.502670 -1.479041
 -1.248999 -1.363427 -1.419352 -1.534540
 -1.237290 -1.216863 -1.458715 -1.708498
 -1.899132 -1.039387 -1.378873 -1.407446
 -1.434941 -1.327679 -1.126190 -1.757285
 -1.475715 -1.232300 -1.350833 -1.510772
 -1.288019 -1.128561 -1.478974 -1.755542
 -2.146354 -0.954929 -1.273382 -1.521577
 -1.411531 -0.871067 -1.085522 -17.368284
 -1.258589 -0.858309 -1.230771 -17.725933
 -1.234501 -0.835086 -1.290318 -17.592402
 -1.955198 -0.619723 -1.138279 -17.261362
 -1.267174 -1.378294 -1.439915 -1.472211
 -1.216151 -1.496009 -1.292509 -1.584609
 -1.215183 -1.260015 -1.443210 -1.695399
 -1.386294 -1.386294 -1.386294 -1.386294
 -1.532572 -1.384800 -1.026505 -1.740744
 -1.754298 -1.187040 -1.349317 -1.337767
 -1.386788 -1.138880 -1.463709 -1.616617
 -1.860403 -1.066424 -1.344092 -1.429718
 -17.288097 0.000000 -17.288097 -17.288097
 -17.689001 0.000000 -17.689001 -17.689001
 -17.622395 0.000000 -17.622395 -17.622395
 -17.357628 0.000000 -17.357628 -17.357628
 -1.386294 -1.386294 -1.386294 -1.386294
 -1.285473 -1.342964 -1.421171 -1.509691
 -1.386294 -1.386294 -1.386294 -1.386294
 -1.386294 -1.386294 -1.386294 -1.386294
 -1.288335 -1.527188 -1.082235 -1.782080
 -1.497154 -1.241566 -1.359349 -1.467616
 -1.160874 -1.225798 -1.551560 -1.707342
 -2.132032 -0.937170 -1.296739 -1.531335
 -1.665461 -1.053873 -1.201595 -1.822647
 -1.469760 -1.039534 -1.421721 -1.742390
 -1.514002 -0.918936 -1.468099 -1.892689
 -2.364393 -0.754956 -1.336453 -1.753388
 -1.245734 -1.416943 -1.395523 -1.504570
 -1.165637 -1.416582 -1.423923 -1.584907
 -1.241976 -1.235247 -1.441147 -1.694081
 -1.820234 -1.128258 -1.264977 -1.460286
 -1.480610 -1.326175 -1.144422 -1.668114
 -1.517929 -1.199862 -1.392140 -1.465094
 -1.327259 -1.154658 -1.481251 -1.648810
 -2.147486 -0.930422 -1.328265 -1.496562
 -1.692267 -1.002336 -1.290554 -1.750087
 -1.530407 -1.041719 -1.429010 -1.654650
 -1.497866 -0.950492 -1.502081 -1.788707
 -2.205065 -0.778058 -1.333920 -1.789659
 -1.211043 -1.419877 -1.443375 -1.495036
 -1.238560 -1.445385 -1.363129 -1.520126
 -1.248225 -1.221303 -1.415520 -1.741022
 -1.914439 -1.020074 -1.330676 -1.479688
 -1.645649 -1.163057 -1.068912 -1.889144
 -1.836190 -1.046690 -1.353888 -1.464281
 -1.500213 -0.992977 -1.402158 -1.830211
 -2.012530 -0.854252 -1.516479 -1.508393
 -17.168568 0.000000 -17.168568 -17.168568
 -17.872152 0.000000 -17.872152 -17.872152
 -17.579266 0.000000 -17.579266 -17.579266
 -17.229954 0.000000 -17.229954 -17.229954
 -1.386294 -1.386294 -1.386294 -1.386294
 0.000000 -18.889935 -18.889935 -18.889935
 -1.386294 -1.386294 -1.386294 -1.386294
 -1.386294 -1.386294 -1.386294 -1.386294
 -18.889935 -18.889935 0.000000 -18.889935
 -1.386294 -1.386294 -1.386294 -1.386294
 -1.386294 -1.386294 -1.386294 -1.386294
 -1.386294 -1.386294 -1.386294 -1.386294
 -1.386294 -1.386294 -1.386294 -1.386294
 -1.386294 -1.386294 -1.386294 -1.386294
 -1.594415 -0.834249 -1.573079 -1.861968
 -1.386294 -1.386294 -1.386294 -1.386294
 -1.268443 -1.356550 -1.463773 -1.470453
 -1.262607 -1.366610 -1.422374 -1.509711
 -1.184856 -1.207800 -1.558295 -1.688150
 -1.789347 -1.024159 -1.353037 -1.535359
 -1.480212 -1.275191 -1.212368 -1.631985
 -1.506642 -1.173046 -1.426522 -1.474988
 -1.298133 -1.101805 -1.521763 -1.735221
 -2.094727 -0.952075 -1.387462 -1.421928
