 -1.328697 0.000100 0.000100 0.000100
 -1.336188 0.000100 0.000100 0.000100
 -1.398223 0.000100 0.000100 0.000100
 -1.490338 0.000100 0.000100 0.000100
 -1.371479 -1.234279 -1.496642 -1.463852
 -1.424613 -1.594512 -1.424613 -1.152680
 -1.021652 -1.190728 -1.937940 -1.650259
 -1.600703 -1.517322 -1.098613 -1.403994
 -1.286922 -1.260254 -1.496642 -1.530543
 -1.492516 -1.527607 -1.425825 -1.146241
 -1.081806 -1.133099 -1.826244 -1.726161
 -1.832580 -1.883873 -0.858023 -1.331806
 -1.252763 -1.198696 -1.791758 -1.402295
 -1.554087 -1.285824 -1.721141 -1.098613
 -1.456362 -1.061709 -1.456362 -1.671472
 -1.642227 -1.875841 -1.082613 -1.156721
 -1.504077 -0.912028 -2.054121 -1.394878
 -1.485993 -1.784485 -1.587776 -0.912649
 -1.352393 -0.924950 -1.757856 -1.757856
 -1.616817 -1.275069 -1.151455 -1.580450
 -1.239691 -0.998530 -1.691675 -1.845825
 -1.510592 -1.571216 -2.041218 -0.817446
 -1.296144 -0.879251 -1.830224 -1.890848
 -1.704747 -1.550597 -0.970780 -1.481604
 -1.420196 -1.123931 -1.529395 -1.529395
 -1.400088 -1.687769 -1.764730 -0.923165
 -1.280934 -0.920932 -1.791758 -1.848916
 -1.193923 -1.791758 -1.011602 -1.791758
 -1.076634 -1.167606 -1.609437 -1.909541
 -1.697142 -1.830673 -1.784153 -0.716316
 -0.933534 -1.024505 -2.459582 -1.817733
 -1.378197 -1.867743 -0.786834 -1.978968
 -1.464072 -0.929991 -2.351371 -1.276861
 -1.601405 -1.729238 -2.517690 -0.615591
 -1.218572 -0.960744 -2.105871 -1.609437
 -1.261132 -1.696448 -1.098613 -1.609437
 -1.206601 -0.892945 -2.010971 -1.848453
 -1.805551 -1.848111 -2.093232 -0.589159
 -0.860203 -1.137834 -1.958809 -2.159478
 -1.193278 -2.335371 -0.823919 -1.824548
 -1.697729 -0.586381 -3.009905 -1.554629
 -1.566878 -1.700408 -1.653889 -0.873733
 -1.302212 -0.546546 -3.126744 -2.251287
 -1.321756 -1.504077 -1.098613 -1.727220
 -1.000975 -0.933534 -2.564942 -1.817733
 -2.020016 -1.751753 -2.282379 -0.524526
 -0.585261 -1.884538 -2.172217 -1.730388
 -1.098613 -1.845825 -1.335001 -1.403994
 -1.379694 -0.699793 -2.820047 -1.649983
 -1.368276 -1.368276 -1.481604 -1.333185
 -1.446919 -0.923673 -2.022278 -1.446919
 -0.885691 -1.742162 -1.369487 -1.843944
 -0.510827 -14.253768 -2.478471 -1.151605
 -1.020962 -14.291747 -1.443818 -0.907018
 -0.526096 -13.687682 -2.397887 -1.145133
 -1.406097 -13.835317 -1.257677 -0.753774
 -14.639688 -14.639688 -14.639688 -0.000001
 -1.386294 -1.386294 -1.386294 -1.386294
 -13.687682 -13.687682 -13.687682 -0.000003
 -14.457367 -14.457367 -14.457367 -0.000002
 -1.386294 -1.386294 -1.386294 -1.386294
 -1.386294 -1.386294 -1.386294 -1.386294
 -1.386294 -1.386294 -1.386294 -1.386294
 -1.715677 -1.382349 -1.321262 -1.196099
 -1.178656 -0.984500 -2.719088 -1.375365
 -1.586090 -1.288839 -1.625310 -1.130616
 -1.294357 -1.167606 -1.686398 -1.471287
 -2.322384 -1.060147 -1.419520 -1.159238
 -1.527944 -1.025854 -2.265538 -1.137079
 -1.698668 -1.187844 -1.386294 -1.338666
 -1.588160 -1.036093 -1.536867 -1.488077
 -2.660252 -1.011602 -1.407497 -1.134204
 -1.698667 -0.910214 -2.209488 -1.187844
 -1.415622 -1.183000 -1.752093 -1.282091
 -1.340624 -1.238842 -1.839613 -1.238842
 -2.330752 -1.098613 -1.535826 -1.037988
 -1.504077 -0.931560 -2.803348 -1.129385
 -1.927890 -1.214126 -1.773740 -0.947063
 -1.575535 -1.133705 -2.386459 -0.969402
 -1.952381 -1.354546 -1.259236 -1.151605
 -1.815287 -1.158511 -3.068033 -0.740777
 -1.871801 -1.006806 -1.958812 -1.079565
 -1.509908 -1.318853 -1.969437 -0.988613
 -2.090739 -1.007397 -1.331636 -1.397594
 -1.536234 -0.903714 -13.579793 -0.968252
 -1.780198 -1.318853 -1.928617 -0.870829
 -1.552279 -1.446919 -2.140061 -0.831735
 -2.737896 -0.992665 -1.916921 -0.873119
 -0.579821 -1.484274 -2.931174 -1.832578
 -1.074072 -1.903349 -0.938271 -2.136963
 -0.628612 -1.609436 -2.148427 -1.897115
 -1.269570 -1.395864 -1.070442 -2.051269
 -14.446785 -0.000002 -14.446785 -14.446785
 -13.864305 -0.000003 -13.864305 -13.864305
 -14.193950 -0.000002 -14.193950 -14.193950
 -13.415039 -0.000004 -13.415039 -13.415039
 -1.386294 -1.386294 -1.386294 -1.386294
 -0.000001 -15.436878 -15.436878 -15.436878
 -1.386294 -1.386294 -1.386294 -1.386294
 -1.386294 -1.386294 -1.386294 -1.386294
 -15.436878 -15.436878 -0.000001 -15.436878
 -1.386294 -1.386294 -1.386294 -1.386294
 -1.386294 -1.386294 -1.386294 -1.386294
 -1.386294 -1.386294 -1.386294 -1.386294
 -1.386294 -1.386294 -1.386294 -1.386294
 -1.386294 -1.386294 -1.386294 -1.386294
 -1.321262 -1.472946 -1.102573 -1.760628
 -1.386294 -1.386294 -1.386294 -1.386294
 -1.439539 -1.321756 -1.647177 -1.191703
 -1.287855 -1.257083 -1.757856 -1.319603
 -1.722766 -1.013091 -1.658227 -1.317302
 -2.268677 -1.247033 -1.064712 -1.330414
 -1.138222 -1.200742 -2.437497 -1.233532
 -1.642227 -1.000375 -1.711220 -1.354546
 -1.386294 -0.968560 -1.637608 -1.737691
 -1.997201 -0.847299 -1.645805 -1.415282
 -1.376174 0.000100 0.000100 0.000100
 -1.247091 0.000100 0.000100 0.000100
 -1.385224 0.000100 0.000100 0.000100
 -1.561362 0.000100 0.000100 0.000100
 -1.502489 -1.254885 -1.225579 -1.615818
 -1.371041 -1.261652 -1.473348 -1.453227
 -1.299283 -1.249560 -1.376715 -1.670063
 -2.059239 -1.003186 -1.303117 -1.452194
 -1.392883 -1.296699 -1.376196 -1.488674
 -1.432076 -1.226526 -1.363950 -1.550091
 -1.363913 -1.168929 -1.434776 -1.632332
 -1.945910 -1.111858 -1.254959 -1.414250
 -1.362764 -1.308452 -1.360441 -1.526652
 -1.331362 -1.341514 -1.410143 -1.468266
 -1.232889 -1.297547 -1.397831 -1.670160
 -1.972728 -1.037156 -1.317917 -1.432258
 -1.443745 -1.295972 -1.240948 -1.603376
 -1.368710 -1.306467 -1.372386 -1.508288
 -1.311355 -1.212301 -1.425706 -1.646649
 -1.904500 -1.022537 -1.322216 -1.492200
 -1.400313 -1.293307 -1.321176 -1.549769
 -1.397144 -1.227018 -1.379126 -1.571498
 -1.361539 -1.209958 -1.361539 -1.664642
 -1.973698 -1.135617 -1.253401 -1.369232
 -1.458497 -1.301450 -1.341278 -1.453434
 -1.393554 -1.328333 -1.331751 -1.501143
 -1.312404 -1.260922 -1.378705 -1.632038
 -1.964236 -1.114390 -1.195866 -1.473249
 -1.512361 -1.327370 -1.178950 -1.575831
 -1.444808 -1.284981 -1.401916 -1.421184
 -1.346230 -1.239147 -1.359731 -1.642893
 -2.027173 -1.044609 -1.185845 -1.556013
 -1.448935 -1.325014 -1.283912 -1.503148
 -1.395899 -1.199583 -1.421971 -1.561450
 -1.385325 -1.251309 -1.375682 -1.556086
 -2.039595 -1.033253 -1.254641 -1.474500
 -1.427825 -1.268984 -1.315401 -1.557386
 -1.394327 -1.265061 -1.421576 -1.476462
 -1.300990 -1.214606 -1.418538 -1.666837
 -2.006303 -1.031225 -1.225381 -1.535727
 -1.414281 -1.287414 -1.241668 -1.650187
 -1.496790 -1.200727 -1.368719 -1.510749
 -1.275777 -1.286950 -1.298249 -1.762211
 -1.904961 -1.095451 -1.213944 -1.515222
 -1.532215 -1.190681 -1.282115 -1.597117
 -1.415202 -1.158728 -1.405934 -1.618981
 -1.332967 -1.164218 -1.378088 -1.759799
 -2.074136 -1.016934 -1.213325 -1.535140
 -1.362139 -1.320076 -1.378986 -1.491927
 -1.361978 -1.285198 -1.371798 -1.543649
 -1.235977 -1.355936 -1.367771 -1.624200
 -2.223596 -0.978093 -1.168095 -1.585748
 -1.269897 -16.686813 -0.815897 -1.284110
 -1.129181 -16.887741 -1.095375 -1.072103
 -0.979146 -16.800182 -1.061884 -1.278107
 -1.394614 -16.568535 -0.948019 -1.009055
 -16.962246 -16.962246 -16.962246 -0.000000
 -1.386294 -1.386294 -1.386294 -1.386294
 -17.145927 -17.145927 -17.145927 -0.000000
 -16.972937 -16.972937 -16.972937 -0.000000
 -1.386294 -1.386294 -1.386294 -1.386294
 -1.386294 -1.386294 -1.386294 -1.386294
 -1.386294 -1.386294 -1.386294 -1.386294
 -1.897834 -1.056036 -1.308560 -1.460732
 -1.933487 -0.879047 -1.844934 -1.265342
 -1.503308 -1.267102 -1.307525 -1.489562
 -1.490060 -1.453379 -1.092686 -1.582079
 -2.096894 -0.998282 -1.245580 -1.510151
 -1.478484 -1.281218 -1.341843 -1.456912
 -1.428779 -1.093858 -1.545658 -1.549731
 -1.268944 -1.103488 -1.521495 -1.779193
 -1.953587 -0.975354 -1.315891 -1.546739
 -1.391625 -1.287928 -1.415664 -1.457906
 -1.334197 -1.366783 -1.423571 -1.423571
 -1.224002 -1.285591 -1.459749 -1.623703
 -1.867228 -1.148975 -1.314903 -1.347124
 -1.453494 -1.353522 -1.193649 -1.585691
 -1.398427 -1.292872 -1.398427 -1.462966
 -1.248673 -1.357213 -1.291481 -1.709953
 -1.836473 -1.127211 -1.284623 -1.427404
 -1.522618 -1.222513 -1.373744 -1.451522
 -1.443793 -1.232970 -1.399874 -1.487596
 -1.244267 -1.212624 -1.479753 -1.678048
 -2.046913 -0.966173 -1.341761 -1.474270
 -1.391102 -1.362597 -1.305698 -1.495125
 -1.370172 -1.351823 -1.366811 -1.459942
 -1.268934 -1.210702 -1.374940 -1.783636
 -1.991816 -1.097384 -1.265443 -1.395557
 -1.605441 -1.224004 -1.202829 -1.585695
 -1.707342 -1.096730 -1.382064 -1.454010
 -1.417193 -1.117553 -1.392398 -1.703481
 -1.890390 -1.036148 -1.427014 -1.369856
 -16.496532 -0.000000 -16.496532 -16.496532
 -17.012550 0.000000 -17.012550 -17.012550
 -16.780268 -0.000000 -16.780268 -16.780268
 -16.604834 -0.000000 -16.604834 -16.604834
 -1.386294 -1.386294 -1.386294 -1.386294
 0.000000 -18.129259 -18.129259 -18.129259
 -1.386294 -1.386294 -1.386294 -1.386294
 -1.386294 -1.386294 -1.386294 -1.386294
 -18.129259 -18.129259 0.000000 -18.129259
 -1.386294 -1.386294 -1.386294 -1.386294
 -1.386294 -1.386294 -1.386294 -1.386294
 -1.386294 -1.386294 -1.386294 -1.386294
 -1.386294 -1.386294 -1.386294 -1.386294
 -1.386294 -1.386294 -1.386294 -1.386294
 -1.455555 -1.048752 -1.492964 -1.652091
 -1.386294 -1.386294 -1.386294 -1.386294
 -1.336494 -1.327798 -1.390319 -1.499784
 -1.311968 -1.314809 -1.484972 -1.445297
 -1.301270 -1.170204 -1.573751 -1.559486
 -1.846292 -1.107732 -1.290476 -1.440827
 -1.396093 -1.322298 -1.298200 -1.546967
 -1.425497 -1.228511 -1.458800 -1.450864
 -1.338285 -1.177384 -1.426081 -1.664039
 -1.981885 -1.072456 -1.319109 -1.375749
