 -1.359143 0.000100 0.000100 0.000100
 -1.249329 0.000100 0.000100 0.000100
 -1.623295 0.000100 0.000100 0.000100
 -1.350254 0.000100 0.000100 0.000100
 -1.386294 -1.351203 -1.627455 -1.221992
 -1.331806 -1.114743 -1.832580 -1.394326
 -1.563975 -1.235472 -1.458615 -1.318853
 -1.549333 -1.293401 -1.230881 -1.508512
 -1.590206 -1.200742 -1.499234 -1.302525
 -1.280934 -1.617405 -1.402295 -1.280934
 -1.057371 -1.258041 -1.509354 -1.914817
 -1.885283 -1.221992 -1.107582 -1.499623
 -1.166932 -1.618916 -1.444563 -1.367602
 -1.319603 -1.575536 -1.618095 -1.116005
 -1.134981 -1.192139 -1.885283 -1.499623
 -1.734599 -1.366876 -1.190986 -1.329136
 -1.304949 -1.187166 -1.551808 -1.551808
 -1.358124 -1.395864 -1.763587 -1.127601
 -1.067842 -1.386294 -1.856295 -1.386294
 -1.817733 -1.360977 -1.206826 -1.265667
 -1.342234 -1.531476 -1.713796 -1.071945
 -1.575536 -1.863216 -1.352393 -0.969402
 -1.313724 -1.200396 -1.441557 -1.642226
 -1.386294 -1.534714 -1.227230 -1.421386
 -1.061912 -1.207094 -2.370237 -1.340624
 -1.186582 -1.781286 -1.609437 -1.119891
 -1.197704 -1.296144 -1.830224 -1.331235
 -1.673975 -1.355523 -1.214445 -1.355523
 -1.402824 -0.932821 -1.970805 -1.508184
 -1.266494 -1.404643 -1.810107 -1.174121
 -0.965083 -1.172721 -2.128227 -1.658227
 -1.791758 -1.073920 -1.491655 -1.321756
 -1.143870 -1.038509 -2.242476 -1.508512
 -1.171638 -1.623622 -1.623622 -1.218158
 -1.185625 -1.018571 -2.197218 -1.504077
 -1.433251 -1.600305 -0.977777 -1.695614
 -1.760986 -0.617925 -2.287076 -1.673975
 -1.386294 -1.421386 -1.980999 -0.992391
 -1.353142 -0.617438 -2.542717 -2.090736
 -1.638996 -1.233532 -1.302525 -1.415853
 -1.324419 -0.959777 -2.058384 -1.498772
 -2.220344 -1.527200 -2.967553 -0.473439
 -0.826681 -1.856294 -2.079435 -1.268512
 -1.499234 -1.338892 -1.338892 -1.376633
 -1.221673 -1.335001 -2.155977 -1.119891
 -1.098613 -1.377326 -1.665007 -1.490654
 -1.252764 -1.945905 -2.079434 -0.806479
 -1.247033 -1.662547 -1.170072 -1.548137
 -0.780854 -1.542992 -1.656321 -1.984823
 -1.407801 -2.145395 -1.285199 -1.016936
 -0.525269 -2.586679 -1.824547 -1.760009
 -1.635189 -1.937469 -0.781702 -1.592630
 -14.291747 -0.000002 -14.291747 -14.291747
 -13.353481 -0.000005 -13.353481 -13.353481
 -13.997835 -0.000003 -13.997835 -13.997835
 -13.732133 -0.000003 -13.732133 -13.732133
 -1.386294 -1.386294 -1.386294 -1.386294
 -15.287984 -15.287984 -15.287984 -0.000001
 -1.386294 -1.386294 -1.386294 -1.386294
 -1.386294 -1.386294 -1.386294 -1.386294
 -1.386294 -1.386294 -1.386294 -1.386294
 -1.386294 -1.386294 -1.386294 -1.386294
 -1.386294 -1.386294 -1.386294 -1.386294
 -1.172368 -1.257361 -1.404813 -1.829146
 -0.160345 -3.113502 -3.806632 -2.507373
 -1.562184 -1.131403 -1.875841 -1.156721
 -0.396165 -2.274928 -2.370237 -2.033768
 -2.169047 -1.304057 -1.029621 -1.358124
 -2.690108 -0.380884 -3.200929 -1.569521
 -1.932834 -1.195240 -1.195240 -1.386294
 -1.403994 -1.047321 -1.963604 -1.335001
 -2.327270 -0.880361 -1.516347 -1.315677
 -1.306252 -1.386294 -1.791755 -1.163152
 -1.166666 -1.351808 -1.932837 -1.254959
 -1.863214 -0.969403 -1.662545 -1.287855
 -2.060020 -0.863774 -1.629239 -1.366876
 -1.485385 -1.572396 -1.890848 -0.879251
 -2.022280 -1.151455 -1.693778 -1.000633
 -1.232144 -1.098614 -1.791757 -1.568615
 -2.031430 -0.975381 -1.585145 -1.248673
 -1.596858 -1.479076 -2.172217 -0.785931
 -1.609437 -1.471287 -1.471287 -1.076634
 -1.360977 -1.312187 -2.054119 -1.060873
 -2.079439 -1.119666 -1.602517 -1.057791
 -1.258955 -1.136354 -2.315000 -1.216396
 -1.626679 -1.000975 -2.564942 -1.024505
 -1.191395 -1.324926 -2.289999 -1.111353
 -2.073169 -0.792239 -1.890849 -1.307704
 -0.693149 -1.727219 -1.860750 -1.791757
 -1.303407 -1.374024 -1.117305 -1.909541
 -0.490628 -1.589233 -1.945904 -3.198631
 -1.686398 -1.076634 -1.321756 -1.573070
 -14.180157 -0.000002 -14.180157 -14.180157
 -13.937732 -0.000003 -13.937732 -13.937732
 -13.910825 -0.000003 -13.910825 -13.910825
 -13.444452 -0.000004 -13.444452 -13.444452
 -1.386294 -1.386294 -1.386294 -1.386294
 -0.000001 -15.287984 -15.287984 -15.287984
 -1.386294 -1.386294 -1.386294 -1.386294
 -1.386294 -1.386294 -1.386294 -1.386294
 -15.287984 -15.287984 -0.000001 -15.287984
 -1.386294 -1.386294 -1.386294 -1.386294
 -1.386294 -1.386294 -1.386294 -1.386294
 -1.386294 -1.386294 -1.386294 -1.386294
 -1.386294 -1.386294 -1.386294 -1.386294
 -1.386294 -1.386294 -1.386294 -1.386294
 -1.217830 -1.566782 -1.136000 -1.746908
 -1.386294 -1.386294 -1.386294 -1.386294
 -1.527607 -1.333452 -2.220751 -0.889522
 -1.738269 -1.252764 -1.620487 -1.076874
 -1.722765 -1.157453 -1.945908 -1.009818
 -2.133503 -1.239692 -1.335001 -1.111859
 -1.060873 -1.137834 -2.747256 -1.312187
 -1.309922 -1.225364 -2.003066 -1.198696
 -1.568615 -0.980831 -1.791757 -1.386294
 -1.707877 -0.948040 -1.779336 -1.337504
 -1.402703 0.000100 0.000100 0.000100
 -1.181242 0.000100 0.000100 0.000100
 -1.474551 0.000100 0.000100 0.000100
 -1.521932 0.000100 0.000100 0.000100
 -1.649079 -1.112362 -1.206076 -1.716901
 -1.641947 -1.016241 -1.515506 -1.492778
 -1.379545 -1.066405 -1.503513 -1.705312
 -2.250700 -0.864406 -1.327691 -1.568853
 -1.462208 -1.258296 -1.333898 -1.510998
 -1.454067 -1.330879 -1.304281 -1.466337
 -1.321239 -1.286950 -1.305854 -1.681242
 -2.018134 -1.050744 -1.163925 -1.583959
 -1.248106 -1.328488 -1.364366 -1.647492
 -1.360618 -1.211475 -1.582888 -1.425623
 -1.120220 -1.257421 -1.578328 -1.697802
 -2.012475 -0.973163 -1.370622 -1.450266
 -1.643235 -1.123078 -1.129290 -1.844485
 -1.671711 -1.048851 -1.475163 -1.456746
 -1.547676 -1.051937 -1.358250 -1.709881
 -2.356246 -0.804873 -1.404688 -1.548170
 -1.443973 -1.186429 -1.395183 -1.556303
 -1.416534 -1.321756 -1.340548 -1.473693
 -1.388261 -1.245423 -1.364914 -1.573737
 -2.054908 -1.067722 -1.197458 -1.486584
 -1.351768 -1.320586 -1.471817 -1.407597
 -1.406694 -1.334123 -1.432104 -1.374945
 -1.251791 -1.170179 -1.467310 -1.753587
 -1.974551 -1.031504 -1.302819 -1.456969
 -1.703652 -1.072637 -1.228391 -1.697646
 -1.592196 -1.031360 -1.441715 -1.592196
 -1.434444 -1.057790 -1.508897 -1.643118
 -2.239335 -0.837041 -1.282998 -1.696762
 -1.358744 -1.316185 -1.310990 -1.583247
 -1.293220 -1.253114 -1.370283 -1.682197
 -1.278912 -1.236200 -1.350505 -1.759884
 -2.132012 -1.044829 -1.211187 -1.461855
 -1.230622 -1.318297 -1.511031 -1.515874
 -1.273464 -1.399458 -1.402998 -1.480385
 -1.212406 -1.300899 -1.413801 -1.676564
 -2.020222 -0.955512 -1.332088 -1.519447
 -1.684006 -1.205971 -1.160360 -1.601485
 -1.665266 -1.011149 -1.518663 -1.478171
 -1.347647 -1.073375 -1.483523 -1.763411
 -2.371577 -0.826506 -1.354091 -1.556328
 -1.511085 -1.420389 -1.122642 -1.549800
 -1.332836 -1.451990 -1.343855 -1.421592
 -1.344414 -1.283789 -1.332763 -1.616592
 -1.943378 -1.061295 -1.286271 -1.450410
 -1.470456 -1.312827 -1.325406 -1.446359
 -1.717788 -1.218797 -1.537251 -1.171245
 -1.411828 -1.285989 -1.396618 -1.458895
 -1.701290 -1.203203 -1.475618 -1.242424
 -15.908609 -0.000000 -15.908609 -15.908609
 -16.217035 -0.000000 -16.217035 -16.217035
 -16.039053 -0.000000 -16.039053 -16.039053
 -16.149595 -0.000000 -16.149595 -16.149595
 -1.386294 -1.386294 -1.386294 -1.386294
 -17.471609 -17.471609 -17.471609 -0.000000
 -1.386294 -1.386294 -1.386294 -1.386294
 -1.386294 -1.386294 -1.386294 -1.386294
 -1.386294 -1.386294 -1.386294 -1.386294
 -1.386294 -1.386294 -1.386294 -1.386294
 -1.386294 -1.386294 -1.386294 -1.386294
 -1.846171 -1.037973 -1.491626 -1.335673
 -2.304222 -0.586152 -2.033070 -1.547562
 -1.693866 -1.051595 -1.339973 -1.584941
 -1.842388 -1.163840 -1.036301 -1.745761
 -2.955302 -0.737331 -1.428427 -1.470274
 -1.332227 -1.339774 -1.288102 -1.617406
 -1.309474 -1.245816 -1.395206 -1.637066
 -1.366334 -1.140821 -1.327569 -1.830819
 -1.998723 -1.042500 -1.127895 -1.670219
 -1.196753 -1.381956 -1.609438 -1.399424
 -1.403331 -1.277561 -1.449033 -1.424165
 -1.340726 -1.158405 -1.381548 -1.753491
 -1.958559 -0.982693 -1.375183 -1.461692
 -1.703690 -1.124337 -1.101792 -1.827304
 -1.554055 -1.063848 -1.479364 -1.533852
 -1.354821 -1.026317 -1.579034 -1.728738
 -2.268295 -0.819396 -1.310195 -1.681758
 -1.482686 -1.259543 -1.328536 -1.494662
 -1.354900 -1.275703 -1.349421 -1.592572
 -1.332597 -1.187723 -1.332597 -1.786757
 -2.061620 -0.977607 -1.245871 -1.566129
 -1.258416 -1.349766 -1.455126 -1.499578
 -1.330267 -1.301829 -1.486021 -1.438480
 -1.206881 -1.239779 -1.537545 -1.627016
 -1.877003 -1.045570 -1.339421 -1.454731
 -1.683779 -1.066832 -1.130394 -1.915108
 -1.862921 -0.998529 -1.408848 -1.461295
 -1.553146 -0.983059 -1.472294 -1.688182
 -2.039595 -0.885977 -1.373600 -1.587610
 -15.702581 -0.000001 -15.702581 -15.702581
 -16.486206 -0.000000 -16.486206 -16.486206
 -16.135937 -0.000000 -16.135937 -16.135937
 -15.827744 -0.000000 -15.827744 -15.827744
 -1.386294 -1.386294 -1.386294 -1.386294
 0.000000 -17.471609 -17.471609 -17.471609
 -1.386294 -1.386294 -1.386294 -1.386294
 -1.386294 -1.386294 -1.386294 -1.386294
 -17.471609 -17.471609 -0.000000 -17.471609
 -1.386294 -1.386294 -1.386294 -1.386294
 -1.386294 -1.386294 -1.386294 -1.386294
 -1.386294 -1.386294 -1.386294 -1.386294
 -1.386294 -1.386294 -1.386294 -1.386294
 -1.386294 -1.386294 -1.386294 -1.386294
 -1.416453 -1.049711 -1.421792 -1.795123
 -1.386294 -1.386294 -1.386294 -1.386294
 -1.303552 -1.188824 -1.460320 -1.651858
 -1.300760 -1.295355 -1.552074 -1.418543
 -1.194030 -1.226348 -1.482890 -1.733531
 -1.812184 -1.058973 -1.553490 -1.278759
 -1.621366 -1.186343 -1.160782 -1.693937
 -1.478835 -1.102955 -1.434218 -1.599951
 -1.280699 -0.993017 -1.772026 -1.705334
 -2.122613 -0.892515 -1.376948 -1.521840
