 -1.288066 0.000100 0.000100 0.000100
 -1.319221 0.000100 0.000100 0.000100
 -1.371181 0.000100 0.000100 0.000100
 -1.594324 0.000100 0.000100 0.000100
 -1.181728 -1.404871 -1.510231 -1.482832
 -1.324926 -1.233954 -1.843718 -1.255933
 -1.297063 -1.160488 -1.609437 -1.544899
 -1.455287 -1.321756 -1.232144 -1.568615
 -1.297215 -1.584896 -1.367832 -1.320204
 -1.579584 -1.417066 -1.417066 -1.174120
 -1.052093 -1.225364 -1.504077 -2.003066
 -1.715597 -1.150285 -1.150285 -1.676376
 -1.352847 -1.435084 -1.276861 -1.493925
 -1.230290 -1.635754 -1.426035 -1.299283
 -1.446919 -1.041455 -1.734600 -1.446919
 -1.975540 -1.231102 -1.158781 -1.364633
 -1.559957 -1.213682 -1.400893 -1.400893
 -1.603168 -1.431318 -1.513556 -1.079921
 -1.065387 -1.308333 -1.563225 -1.739115
 -1.616310 -1.549619 -1.013316 -1.487099
 -1.422399 -1.285198 -1.616555 -1.259881
 -1.514127 -1.321756 -1.544899 -1.203973
 -1.201797 -1.180291 -1.734600 -1.533930
 -1.406914 -1.556445 -1.276861 -1.326871
 -1.420427 -0.893073 -1.959422 -1.569959
 -1.655048 -1.272056 -1.559738 -1.144223
 -1.163151 -0.960211 -2.212969 -1.633154
 -1.445328 -1.837369 -1.185045 -1.206099
 -1.497108 -0.937494 -2.129628 -1.325259
 -1.295566 -1.753398 -1.929288 -0.896927
 -1.142673 -1.090029 -1.863216 -1.662547
 -1.366876 -1.533930 -1.098613 -1.629240
 -1.500897 -0.945373 -1.500897 -1.798148
 -1.603168 -1.977860 -1.810806 -0.699458
 -1.107582 -0.889859 -1.945907 -2.153545
 -1.222550 -1.797912 -0.904096 -2.002706
 -1.286211 -0.864999 -2.538968 -1.497520
 -1.717651 -1.830979 -2.216639 -0.595510
 -1.031020 -0.937494 -2.397890 -1.827349
 -1.180443 -2.108426 -1.070442 -1.475906
 -1.092534 -0.910213 -2.902633 -1.573505
 -1.868719 -1.720299 -2.602684 -0.523250
 -0.693149 -1.666595 -2.197219 -1.609437
 -1.272966 -1.609437 -1.380596 -1.314639
 -1.000173 -0.910561 -2.114530 -2.214613
 -1.161792 -1.435084 -1.623136 -1.379515
 -0.762143 -1.609437 -1.678429 -1.919589
 -1.010320 -2.500407 -0.878551 -1.977161
 -1.264405 -0.656780 -3.295826 -1.819929
 -1.105993 -1.416147 -1.654557 -1.446919
 -1.393215 -0.557895 -2.897282 -2.086359
 -2.145395 -0.987948 -1.407801 -1.324419
 -2.465483 -0.611599 -3.238664 -1.098613
 -2.239948 -2.106416 -2.576418 -0.362669
 -2.228469 -1.178656 -2.094939 -0.773193
 -2.215569 -1.609437 -1.609437 -0.711498
 -13.304691 -13.304691 -0.000005 -13.304691
 -14.266589 -14.266589 -0.000002 -14.266589
 -13.235700 -13.235700 -0.000005 -13.235700
 -14.972393 -14.972393 -0.000001 -14.972393
 -1.386294 -1.386294 -1.386294 -1.386294
 -1.386294 -1.386294 -1.386294 -1.386294
 -0.729327 -1.514282 -2.270941 -1.636884
 -1.386294 -1.386294 -1.386294 -1.386294
 -2.394390 -0.528526 -2.607963 -1.403994
 -1.776491 -1.017388 -1.648658 -1.284016
 -1.338285 -1.338285 -1.545923 -1.338285
 -2.036879 -1.031361 -1.189585 -1.566878
 -1.278406 -1.425009 -2.983134 -0.843089
 -1.261997 -1.343122 -1.616818 -1.357307
 -1.285199 -1.142098 -1.978342 -1.324419
 -1.987872 -1.091787 -1.346021 -1.320045
 -1.393215 -1.215534 -2.086359 -1.105533
 -1.492312 -1.122566 -1.695911 -1.323236
 -1.324052 -1.002470 -2.206437 -1.359143
 -2.179522 -1.386294 -1.192139 -1.098613
 -1.370034 -1.193104 -2.319109 -1.066352
 -1.504077 -1.364316 -1.582039 -1.149906
 -1.351203 -1.284512 -1.583004 -1.351203
 -2.180415 -1.347508 -1.538563 -0.885691
 -1.651996 -1.098613 -2.079438 -1.049823
 -1.609437 -1.183354 -1.641186 -1.203973
 -1.522426 -1.299283 -1.522426 -1.234745
 -1.936008 -1.012846 -1.496642 -1.314321
 -1.018571 -1.463255 -2.736210 -1.071214
 -1.619909 -1.232144 -2.212970 -0.913691
 -1.161414 -1.310945 -1.911716 -1.310945
 -2.337267 -1.059611 -1.736496 -0.965792
 -0.619041 -1.571697 -2.094943 -2.034318
 -1.058948 -1.569772 -0.978905 -2.668379
 -0.896748 -1.691674 -1.195240 -2.251285
 -1.229452 -1.331235 -1.151894 -2.060748
 -14.617514 -0.000001 -14.617514 -14.617514
 -14.100693 -0.000002 -14.100693 -14.100693
 -14.352006 -0.000002 -14.352006 -14.352006
 -13.369229 -0.000005 -13.369229 -13.369229
 -1.386294 -1.386294 -1.386294 -1.386294
 -0.000001 -15.592157 -15.592157 -15.592157
 -1.386294 -1.386294 -1.386294 -1.386294
 -1.386294 -1.386294 -1.386294 -1.386294
 -15.592157 -15.592157 -0.000001 -15.592157
 -1.386294 -1.386294 -1.386294 -1.386294
 -1.386294 -1.386294 -1.386294 -1.386294
 -1.386294 -1.386294 -1.386294 -1.386294
 -1.386294 -1.386294 -1.386294 -1.386294
 -1.386294 -1.386294 -1.386294 -1.386294
 -1.222761 -1.553502 -1.145374 -1.737425
 -1.386294 -1.386294 -1.386294 -1.386294
 -1.662547 -1.064711 -1.900957 -1.151723
 -1.692818 -1.164753 -1.783790 -1.090645
 -1.429779 -1.285198 -1.904236 -1.093308
 -2.005330 -1.178656 -1.348554 -1.210404
 -1.412727 -1.031361 -2.347031 -1.189585
 -1.520606 -1.184135 -1.495914 -1.380845
 -1.446919 -1.128466 -1.446919 -1.580450
 -1.818285 -0.921541 -1.538701 -1.491073
 -1.305078 0.000100 0.000100 0.000100
 -1.299040 0.000100 0.000100 0.000100
 -1.438802 0.000100 0.000100 0.000100
 -1.519400 0.000100 0.000100 0.000100
 -1.607869 -1.218585 -1.102658 -1.759969
 -1.607211 -1.068956 -1.428418 -1.530167
 -1.325609 -1.105559 -1.465227 -1.758473
 -2.316015 -0.864963 -1.299561 -1.572068
 -1.515929 -1.300540 -1.163842 -1.631033
 -1.361877 -1.312136 -1.232749 -1.697798
 -1.381124 -1.198056 -1.243118 -1.842377
 -2.078492 -1.047969 -1.062528 -1.722323
 -1.203063 -1.401713 -1.487414 -1.480185
 -1.328860 -1.373561 -1.372745 -1.475752
 -1.116718 -1.305884 -1.470266 -1.761133
 -1.837548 -1.123168 -1.321158 -1.391432
 -1.690149 -1.241353 -1.054800 -1.724551
 -1.593119 -1.021852 -1.514271 -1.528719
 -1.335202 -1.047997 -1.540863 -1.759917
 -2.307983 -0.872357 -1.304966 -1.554044
 -1.573356 -1.248618 -1.092243 -1.770267
 -1.357411 -1.319721 -1.218001 -1.716785
 -1.357740 -1.213984 -1.266419 -1.808450
 -2.024024 -1.074179 -1.069607 -1.697417
 -1.176412 -1.386839 -1.558757 -1.463800
 -1.287258 -1.394206 -1.392535 -1.480610
 -1.154914 -1.261664 -1.439268 -1.804044
 -1.836338 -1.105613 -1.370721 -1.363876
 -1.643408 -1.234897 -1.090681 -1.715757
 -1.627598 -1.060255 -1.452656 -1.499312
 -1.358750 -1.088670 -1.449484 -1.762223
 -2.315754 -0.869344 -1.311780 -1.547676
 -1.567844 -1.275543 -1.120077 -1.682161
 -1.410245 -1.313752 -1.157164 -1.756023
 -1.385168 -1.190906 -1.245797 -1.844775
 -2.070826 -1.051236 -1.073588 -1.700277
 -1.271397 -1.395354 -1.434803 -1.453919
 -1.347816 -1.375874 -1.413990 -1.408935
 -1.150557 -1.287758 -1.461711 -1.738343
 -1.772287 -1.148650 -1.335633 -1.386294
 -1.628328 -1.181855 -1.148202 -1.715762
 -1.673376 -0.958263 -1.557863 -1.522145
 -1.358040 -1.080675 -1.489479 -1.726090
 -2.388873 -0.829154 -1.316551 -1.590664
 -1.508184 -1.224957 -1.153882 -1.774854
 -1.376652 -1.278998 -1.184561 -1.811669
 -1.399241 -1.166874 -1.252287 -1.857728
 -2.086639 -1.019506 -1.054689 -1.790824
 -1.175828 -1.444298 -1.574156 -1.392946
 -1.196572 -1.353800 -1.528447 -1.502189
 -1.023066 -1.363465 -1.564476 -1.739899
 -1.732121 -1.189797 -1.358744 -1.340079
 -1.427554 -1.370256 -1.183568 -1.610044
 -1.496970 -1.113693 -1.513830 -1.479362
 -1.181716 -1.192645 -1.648825 -1.621739
 -2.580548 -0.941623 -1.188795 -1.471047
 -17.377125 -17.377125 -0.000000 -17.377125
 -17.759808 -17.759808 0.000000 -17.759808
 -17.565014 -17.565014 0.000000 -17.565014
 -17.372286 -17.372286 -0.000000 -17.372286
 -1.386294 -1.386294 -1.386294 -1.386294
 -1.386294 -1.386294 -1.386294 -1.386294
 -1.181182 -1.235338 -1.499314 -1.720009
 -1.386294 -1.386294 -1.386294 -1.386294
 -1.622604 -1.300142 -1.043107 -1.727295
 -1.672026 -0.991204 -1.522339 -1.501466
 -1.284591 -1.044273 -1.723584 -1.645775
 -2.063269 -0.845488 -1.480247 -1.532326
 -1.422256 -1.295534 -1.198103 -1.696560
 -1.377395 -1.296657 -1.233923 -1.697326
 -1.364819 -1.162861 -1.282382 -1.866870
 -1.955026 -1.095894 -1.061208 -1.725068
 -1.226760 -1.421500 -1.560876 -1.364709
 -1.272819 -1.371588 -1.519943 -1.396220
 -1.116771 -1.241604 -1.590611 -1.715113
 -1.732055 -1.134710 -1.430714 -1.337786
 -1.633913 -1.306570 -1.033679 -1.723769
 -1.562493 -1.177043 -1.417483 -1.427636
 -1.321897 -1.111948 -1.509730 -1.695630
 -2.291616 -0.957983 -1.206076 -1.533119
 -1.588825 -1.263231 -1.178734 -1.582662
 -1.394701 -1.283677 -1.258583 -1.655378
 -1.410255 -1.182537 -1.241846 -1.829036
 -2.121253 -1.027604 -1.117786 -1.633463
 -1.244341 -1.427260 -1.545043 -1.352469
 -1.274372 -1.507798 -1.383488 -1.393142
 -1.235406 -1.286405 -1.411863 -1.664252
 -1.854143 -1.156829 -1.292441 -1.369117
 -1.689190 -1.188987 -1.035163 -1.860255
 -1.839118 -1.021156 -1.413667 -1.437106
 -1.502466 -1.024965 -1.421138 -1.730639
 -2.081263 -0.905175 -1.393338 -1.502779
 -17.165064 0.000000 -17.165064 -17.165064
 -17.884024 0.000000 -17.884024 -17.884024
 -17.620617 0.000000 -17.620617 -17.620617
 -17.297365 0.000000 -17.297365 -17.297365
 -1.386294 -1.386294 -1.386294 -1.386294
 0.000000 -18.917873 -18.917873 -18.917873
 -1.386294 -1.386294 -1.386294 -1.386294
 -1.386294 -1.386294 -1.386294 -1.386294
 -18.917873 -18.917873 0.000000 -18.917873
 -1.386294 -1.386294 -1.386294 -1.386294
 -1.386294 -1.386294 -1.386294 -1.386294
 -1.386294 -1.386294 -1.386294 -1.386294
 -1.386294 -1.386294 -1.386294 -1.386294
 -1.386294 -1.386294 -1.386294 -1.386294
 -1.445491 -1.047453 -1.357813 -1.855872
 -1.386294 -1.386294 -1.386294 -1.386294
 -1.208457 -1.419360 -1.493550 -1.448598
 -1.317302 -1.405196 -1.352208 -1.477728
 -1.119882 -1.243115 -1.630708 -1.663860
 -1.816180 -1.086622 -1.383963 -1.388632
 -1.506079 -1.314284 -1.124272 -1.689203
 -1.605840 -1.123705 -1.436888 -1.441639
 -1.356994 -1.042324 -1.523035 -1.760940
 -2.213440 -0.896183 -1.305665 -1.553249
