 -1.301673 0.000100 0.000100 0.000100
 -1.319372 0.000100 0.000100 0.000100
 -1.403142 0.000100 0.000100 0.000100
 -1.538061 0.000100 0.000100 0.000100
 -1.403994 -0.952010 -1.691675 -1.691675
 -1.460402 -1.386294 -1.499623 -1.221992
 -1.138222 -1.233532 -1.926676 -1.415853
 -2.420360 -1.167606 -1.065824 -1.364316
 -1.221673 -1.152680 -1.609437 -1.663504
 -1.153963 -1.609437 -1.732039 -1.178656
 -1.120592 -1.749198 -1.688574 -1.154494
 -1.985912 -1.406097 -1.223776 -1.128466
 -1.782947 -1.089803 -1.549333 -1.261652
 -1.530188 -1.630271 -1.278875 -1.173514
 -0.962277 -1.444114 -1.598264 -1.716046
 -1.529395 -1.176574 -1.386294 -1.491655
 -1.560647 -1.203973 -1.832579 -1.108664
 -1.526056 -1.566878 -1.310945 -1.189585
 -1.068760 -1.550597 -1.761905 -1.299283
 -1.820745 -1.252763 -1.016375 -1.658227
 -1.741496 -0.885833 -1.578978 -1.578978
 -1.358124 -1.358124 -1.518466 -1.321756
 -1.292769 -0.987388 -1.852382 -1.629239
 -1.609437 -1.377636 -1.248425 -1.343735
 -1.335001 -1.057371 -1.663504 -1.609437
 -1.530543 -1.762344 -1.432104 -0.985818
 -1.189585 -1.087803 -1.882728 -1.577349
 -1.540444 -1.326871 -1.449473 -1.252763
 -1.499234 -1.051211 -2.069776 -1.200742
 -1.782947 -1.293401 -1.954796 -0.877242
 -1.287855 -0.939549 -1.900956 -1.693318
 -1.287855 -1.534714 -1.227230 -1.534714
 -1.217672 -1.183771 -1.945907 -1.366092
 -2.128228 -1.402295 -2.063690 -0.677400
 -1.195240 -0.896748 -2.028143 -1.845824
 -1.483286 -2.006532 -1.017924 -1.282616
 -1.285199 -0.959777 -2.145395 -1.498772
 -1.546636 -1.686398 -1.974078 -0.770110
 -1.199966 -0.892482 -2.116250 -1.779781
 -1.530543 -1.678963 -0.985818 -1.496642
 -1.302525 -0.763530 -2.332138 -1.801514
 -1.343735 -1.972341 -2.347031 -0.684491
 -1.409825 -0.790788 -2.257116 -1.621133
 -1.310945 -1.566878 -1.161414 -1.566878
 -1.368276 -0.788459 -2.621030 -1.522426
 -1.848453 -2.136133 -2.541595 -0.437470
 -1.193923 -0.893820 -2.397885 -1.624704
 -1.287855 -1.709067 -1.198243 -1.421386
 -1.078811 -0.843972 -3.911977 -1.560647
 -2.019335 -1.682864 -2.781467 -0.478895
 -1.033017 -0.899486 -2.978899 -1.679640
 -1.206243 -1.658227 -1.301553 -1.435084
 -0.952010 -0.952010 -2.790277 -1.791758
 -1.457753 -1.863216 -2.450999 -0.642718
 -0.517261 -1.648656 -2.564932 -2.005327
 -1.423473 -1.454245 -1.256420 -1.423473
 -1.191703 -0.862225 -2.825824 -1.537979
 -1.648657 -1.386294 -1.871800 -0.906723
 -0.836251 -1.261132 -2.484893 -1.609436
 -1.651996 -1.353505 -1.098613 -1.529395
 -1.404643 -0.675131 -2.621030 -1.756040
 -1.409461 -1.348837 -1.739702 -1.137528
 -0.832912 -1.526055 -1.931517 -1.595048
 -1.983295 -1.080431 -1.136001 -1.600305
 -1.553348 -0.794245 -2.341799 -1.425515
 -1.372308 -1.266948 -1.588531 -1.344909
 -1.440361 -1.152681 -1.932834 -1.195240
 -1.741496 -1.019364 -1.684338 -1.278875
 -1.536867 -0.949082 -2.453150 -1.165305
 -1.582409 -1.112406 -1.805551 -1.199417
 -1.223776 -1.329136 -2.427737 -1.041456
 -2.320598 -0.934311 -1.422662 -1.317302
 -1.755390 -1.175574 -2.091859 -0.928715
 -1.582409 -1.346021 -1.457246 -1.199417
 -1.776489 -0.773193 -1.871798 -1.535329
 -2.071595 -1.082988 -1.206601 -1.442990
 -1.266948 -1.429466 -1.960090 -1.084628
 -1.654557 -1.084014 -2.079439 -1.062508
 -1.813736 -1.189585 -1.631416 -1.087803
 -2.222538 -0.855667 -1.791758 -1.203973
 -1.359626 -1.085191 -2.106835 -1.259543
 -1.659989 -1.266948 -1.490091 -1.194627
 -1.977158 -0.740403 -2.228469 -1.284016
 -2.094037 -1.213682 -1.430746 -1.077107
 -13.487012 -13.487012 -13.487012 -0.000004
 -14.130324 -14.130324 -14.130324 -0.000002
 -13.604795 -13.604795 -13.604795 -0.000004
 -14.070156 -14.070156 -14.070156 -0.000002
 -1.386294 -1.386294 -1.386294 -1.386294
 -1.386294 -1.386294 -1.386294 -1.386294
 -1.386294 -1.386294 -1.386294 -1.386294
 -15.248212 -0.000001 -15.248212 -15.248212
 -1.386294 -1.386294 -1.386294 -1.386294
 -15.248212 -15.248212 -15.248212 -0.000001
 -1.386294 -1.386294 -1.386294 -1.386294
 -1.386294 -1.386294 -1.386294 -1.386294
 -1.386294 -1.386294 -1.386294 -1.386294
 -1.386294 -1.386294 -1.386294 -1.386294
 -1.386294 -1.386294 -1.386294 -1.386294
 -0.000001 -15.248212 -15.248212 -15.248212
 -15.248212 -15.248212 -0.000001 -15.248212
 -1.386294 -1.386294 -1.386294 -1.386294
 -1.386294 -1.386294 -1.386294 -1.386294
 -1.386294 -1.386294 -1.386294 -1.386294
 -1.386294 -1.386294 -1.386294 -1.386294
 -1.386294 -1.386294 -1.386294 -1.386294
 -1.422750 -1.761204 -0.919878 -1.668423
 -1.386294 -1.386294 -1.386294 -1.386294
 -1.524077 -1.396245 -2.417889 -0.808460
 -1.637607 -1.232144 -1.974077 -0.980831
 -1.246793 -1.454432 -1.982498 -1.074943
 -2.289999 -1.002154 -1.596858 -1.111353
 -1.386294 -1.225952 -2.036878 -1.120592
 -1.440361 -0.952010 -1.845825 -1.517322
 -1.116006 -1.170073 -1.757855 -1.662545
 -1.642227 -1.151605 -1.354546 -1.459906
 -1.522167 0.000100 0.000100 0.000100
 -1.224711 0.000100 0.000100 0.000100
 -1.299023 0.000100 0.000100 0.000100
 -1.536555 0.000100 0.000100 0.000100
 -1.278081 -1.344330 -1.523916 -1.415282
 -1.399646 -1.367897 -1.537796 -1.259416
 -1.175802 -1.403586 -1.439093 -1.567474
 -1.770253 -1.015231 -1.542863 -1.371906
 -1.276038 -1.392448 -1.538402 -1.356081
 -1.361258 -1.465398 -1.541384 -1.208679
 -1.242255 -1.254525 -1.571437 -1.521840
 -1.754718 -1.229452 -1.457986 -1.197703
 -1.545683 -1.310844 -1.232592 -1.488525
 -1.389266 -1.185354 -1.413364 -1.600575
 -1.274503 -1.142576 -1.456824 -1.781064
 -1.757857 -1.133704 -1.352393 -1.397855
 -1.435774 -1.339148 -1.480226 -1.300433
 -1.293318 -1.401799 -1.422852 -1.433547
 -1.368276 -1.193923 -1.344745 -1.704748
 -1.658228 -1.215023 -1.190631 -1.566420
 -1.288656 -1.277095 -1.584120 -1.425515
 -1.222077 -1.423817 -1.497020 -1.423817
 -1.211090 -1.171085 -1.491992 -1.788724
 -1.677442 -1.177791 -1.417931 -1.335693
 -1.757273 -1.357474 -0.998529 -1.600704
 -1.487683 -1.279282 -1.428495 -1.361803
 -1.369023 -1.240642 -1.369023 -1.599039
 -2.035736 -1.009885 -1.184687 -1.612880
 -1.266749 -1.522096 -1.225364 -1.578185
 -1.360183 -1.309921 -1.300165 -1.604161
 -1.427116 -1.301953 -1.311806 -1.520207
 -1.756420 -1.032502 -1.408113 -1.484486
 -1.316866 -1.316866 -1.629240 -1.316866
 -1.369673 -1.171003 -1.690878 -1.380723
 -1.173610 -1.164308 -1.464412 -1.914612
 -1.825281 -1.240024 -1.498598 -1.120836
 -1.561236 -1.185624 -1.237449 -1.637608
 -1.418383 -1.195239 -1.418383 -1.545722
 -1.156432 -1.324569 -1.412861 -1.737100
 -1.754019 -1.168293 -1.254367 -1.466337
 -1.448598 -1.477586 -1.290374 -1.340385
 -1.381073 -1.412821 -1.350301 -1.402126
 -1.254235 -1.174986 -1.434496 -1.785894
 -1.680333 -1.228349 -1.281695 -1.413271
 -1.386294 -1.568616 -1.288656 -1.324163
 -1.222610 -1.360394 -1.493925 -1.493925
 -1.199010 -1.407411 -1.483397 -1.483397
 -1.895982 -0.988825 -1.602635 -1.285724
 -1.463255 -1.226867 -1.386294 -1.490284
 -1.255674 -1.265931 -1.421801 -1.650987
 -1.266277 -1.327646 -1.406634 -1.569959
 -1.887700 -0.988218 -1.510406 -1.364453
 -1.402824 -1.289495 -1.402824 -1.457632
 -1.430980 -1.358409 -1.245081 -1.532762
 -1.183553 -1.396114 -1.205059 -1.920184
 -2.004320 -1.120119 -1.098613 -1.581464
 -1.297063 -1.469676 -1.386294 -1.399717
 -1.494183 -1.268511 -1.469182 -1.331032
 -1.221098 -1.378284 -1.444242 -1.527129
 -1.969439 -1.031171 -1.304464 -1.458615
 -1.775603 -1.272501 -1.092119 -1.537193
 -1.369487 -1.215337 -1.487270 -1.499849
 -1.379945 -1.418660 -1.283485 -1.472727
 -2.146580 -1.002712 -1.155389 -1.602965
 -1.454731 -1.374689 -1.218343 -1.523724
 -1.286211 -1.440361 -1.396876 -1.429312
 -1.416726 -1.439454 -1.169164 -1.561556
 -1.824548 -1.176865 -1.142576 -1.553674
 -1.369710 -1.343735 -1.293724 -1.557309
 -1.362197 -1.315677 -1.488948 -1.386294
 -1.239447 -1.239447 -1.539552 -1.577773
 -2.034528 -1.123659 -1.455792 -1.168110
 -1.530657 -1.402824 -1.198523 -1.443646
 -1.277661 -1.471816 -1.370034 -1.436725
 -1.447747 -1.244519 -1.256080 -1.649984
 -1.975371 -1.182696 -1.131402 -1.459906
 -1.483024 -1.531033 -1.298102 -1.259881
 -1.541423 -1.488077 -1.236763 -1.310094
 -1.311032 -1.301082 -1.262242 -1.741814
 -1.659093 -1.133827 -1.144638 -1.774606
 -1.582409 -1.372689 -1.346020 -1.270035
 -1.514675 -1.362484 -1.585627 -1.141696
 -1.277188 -1.185380 -1.747191 -1.421769
 -1.612940 -1.145133 -1.365532 -1.481604
 -14.893922 -14.893922 -14.893922 -0.000001
 -15.107495 -15.107495 -15.107495 -0.000001
 -14.852249 -14.852249 -14.852249 -0.000001
 -15.048072 -15.048072 -15.048072 -0.000001
 -1.386294 -1.386294 -1.386294 -1.386294
 -1.386294 -1.386294 -1.386294 -1.386294
 -1.386294 -1.386294 -1.386294 -1.386294
 -16.367296 -0.000000 -16.367296 -16.367296
 -1.386294 -1.386294 -1.386294 -1.386294
 -16.367296 -16.367296 -16.367296 -0.000000
 -1.386294 -1.386294 -1.386294 -1.386294
 -1.386294 -1.386294 -1.386294 -1.386294
 -1.386294 -1.386294 -1.386294 -1.386294
 -1.386294 -1.386294 -1.386294 -1.386294
 -1.386294 -1.386294 -1.386294 -1.386294
 -0.000000 -16.367296 -16.367296 -16.367296
 -16.367296 -16.367296 -0.000000 -16.367296
 -1.386294 -1.386294 -1.386294 -1.386294
 -1.386294 -1.386294 -1.386294 -1.386294
 -1.386294 -1.386294 -1.386294 -1.386294
 -1.386294 -1.386294 -1.386294 -1.386294
 -1.386294 -1.386294 -1.386294 -1.386294
 -1.190810 -1.188249 -1.529335 -1.745310
 -1.386294 -1.386294 -1.386294 -1.386294
 -1.596699 -1.371027 -1.265666 -1.341174
 -1.373588 -1.198023 -1.514360 -1.491371
 -1.468738 -1.173274 -1.408113 -1.533276
 -1.540445 -1.017197 -1.627456 -1.479820
 -1.263162 -1.510998 -1.379422 -1.407201
 -1.315914 -1.306252 -1.386294 -1.556193
 -1.197500 -1.439640 -1.275753 -1.704748
 -1.646667 -1.218474 -1.218474 -1.532723
