 -1.491655 0.000100 0.000100 0.000100
 -1.380429 0.000100 0.000100 0.000100
 -1.392194 0.000100 0.000100 0.000100
 -1.290984 0.000100 0.000100 0.000100
 -1.180291 -1.159238 -1.698233 -1.629240
 -1.478102 -1.403994 -1.428091 -1.249843
 -1.159607 -1.345709 -1.664162 -1.441019
 -1.647589 -1.299283 -1.260817 -1.380961
 -1.380596 -1.293585 -1.581267 -1.314639
 -1.142819 -1.754619 -1.413693 -1.328536
 -1.124930 -1.399366 -1.481604 -1.602965
 -1.853890 -1.374318 -1.160745 -1.283347
 -1.721649 -1.093042 -1.426186 -1.403196
 -1.163151 -1.609437 -1.491655 -1.337504
 -1.098613 -1.211941 -2.128229 -1.386294
 -1.895193 -1.183000 -1.110241 -1.542373
 -1.148623 -1.187844 -1.732570 -1.603358
 -1.265667 -1.321756 -1.839011 -1.229949
 -1.199709 -1.199709 -1.830979 -1.438938
 -1.609437 -1.522426 -1.214126 -1.255798
 -1.469908 -1.339288 -1.339288 -1.402467
 -1.349155 -1.482686 -1.819157 -1.045969
 -1.091178 -1.371479 -1.678963 -1.496642
 -1.632694 -1.662547 -1.081519 -1.287855
 -1.307157 -1.110447 -1.877700 -1.398129
 -1.212448 -1.766757 -1.804497 -1.002153
 -1.161925 -1.142507 -1.915695 -1.510231
 -1.480547 -1.630828 -1.114613 -1.391599
 -1.424446 -0.900376 -2.095612 -1.469908
 -1.409825 -1.969439 -1.780198 -0.803690
 -1.289668 -1.189585 -1.559957 -1.559957
 -1.471816 -1.775498 -1.098613 -1.317666
 -1.333804 -1.040457 -1.939938 -1.429114
 -1.515705 -1.934414 -1.719303 -0.783845
 -1.064008 -1.084627 -1.820331 -1.864783
 -1.280934 -1.527067 -1.262916 -1.504077
 -1.165304 -1.021055 -2.453154 -1.419084
 -1.797489 -2.029290 -1.527200 -0.722136
 -0.927549 -1.371479 -2.064624 -1.496642
 -1.231372 -1.723847 -1.093222 -1.636836
 -1.396657 -0.724564 -2.628796 -1.630271
 -1.837369 -2.111804 -1.837369 -0.578910
 -1.335001 -0.847299 -1.799305 -1.945908
 -1.119232 -1.982276 -1.119232 -1.564542
 -1.140162 -0.790787 -2.439440 -1.969439
 -1.756842 -1.849215 -2.238679 -0.573675
 -0.916292 -0.978167 -2.120260 -2.263360
 -1.182696 -1.614828 -1.218414 -1.614828
 -1.235064 -0.745516 -2.793202 -1.751753
 -1.766182 -2.127194 -2.318248 -0.492007
 -1.108092 -0.999879 -2.178528 -1.667706
 -1.159913 -1.888150 -1.045969 -1.693995
 -1.166435 -0.852778 -2.906893 -1.571900
 -1.877280 -1.712978 -2.073990 -0.614367
 -0.621690 -1.637608 -2.284230 -1.791758
 -1.250339 -1.590206 -1.108369 -1.716957
 -1.247825 -0.754392 -2.823355 -1.697349
 -1.495493 -1.757857 -1.725067 -0.854991
 -0.847299 -1.386294 -2.233588 -1.540444
 -1.325670 -1.856297 -0.980830 -1.593933
 -1.235064 -0.871396 -2.713160 -1.493925
 -1.239195 -1.380845 -1.625967 -1.338285
 -0.783745 -1.378451 -2.010971 -1.848453
 -1.662547 -1.397855 -1.330414 -1.207812
 -1.589732 -0.837398 -2.530712 -1.260254
 -1.463058 -1.202332 -1.624326 -1.305873
 -1.192139 -1.054938 -2.320598 -1.386294
 -2.155425 -1.315677 -1.168041 -1.187844
 -1.393412 -1.187560 -2.309698 -1.056940
 -1.381975 -1.348073 -1.453434 -1.364880
 -1.474847 -1.369487 -1.403389 -1.304949
 -1.845826 -1.335001 -1.396876 -1.103890
 -1.544899 -1.226446 -2.014901 -1.021652
 -1.775498 -1.258243 -1.520606 -1.115142
 -1.306252 -1.077994 -1.711716 -1.568615
 -2.268681 -1.093699 -1.342914 -1.202332
 -1.285824 -1.315677 -1.921810 -1.174599
 -1.895555 -1.098613 -1.647720 -1.127186
 -1.533276 -1.408113 -1.990033 -0.909123
 -2.187513 -1.262567 -1.060331 -1.352718
 -1.377926 -1.483286 -2.140062 -0.907924
 -1.406914 -1.640528 -1.449473 -1.119232
 -1.290375 -1.420427 -1.477586 -1.366360
 -1.941290 -1.216396 -1.280934 -1.264405
 -14.220979 -14.220979 -14.220979 -0.000002
 -14.316288 -14.316288 -14.316288 -0.000002
 -14.247295 -14.247295 -14.247295 -0.000002
 -14.562201 -14.562201 -14.562201 -0.000001
 -1.386294 -1.386294 -1.386294 -1.386294
 -1.386294 -1.386294 -1.386294 -1.386294
 -1.386294 -1.386294 -1.386294 -1.386294
 -1.128465 -15.732433 -0.912621 -1.290984
 -14.603970 -14.603970 -14.603970 -0.000001
 -1.386294 -1.386294 -1.386294 -1.386294
 -14.819814 -14.819814 -14.819814 -0.000001
 -14.441451 -14.441451 -14.441451 -0.000002
 -1.386294 -1.386294 -1.386294 -1.386294
 -1.386294 -1.386294 -1.386294 -1.386294
 -1.386294 -1.386294 -1.386294 -1.386294
 -0.000001 -15.732434 -15.732434 -15.732434
 -15.732434 -15.732434 -0.000000 -15.732434
 -1.386294 -1.386294 -1.386294 -1.386294
 -1.386294 -1.386294 -1.386294 -1.386294
 -1.386294 -1.386294 -1.386294 -1.386294
 -1.386294 -1.386294 -1.386294 -1.386294
 -1.386294 -1.386294 -1.386294 -1.386294
 -1.296346 -1.386294 -1.208887 -1.726302
 -1.386294 -1.386294 -1.386294 -1.386294
 -1.562185 -1.165304 -2.006869 -1.066864
 -1.734600 -1.184555 -1.957743 -0.976916
 -1.252763 -1.270155 -1.702287 -1.381380
 -1.576914 -1.428495 -1.184873 -1.394593
 -1.034897 -1.217218 -2.251288 -1.412963
 -1.386294 -1.270782 -1.516914 -1.386294
 -1.201267 -1.174599 -1.721141 -1.554087
 -1.908346 -1.183452 -1.264797 -1.335001
 -1.497195 0.000100 0.000100 0.000100
 -1.274875 0.000100 0.000100 0.000100
 -1.318653 0.000100 0.000100 0.000100
 -1.472804 0.000100 0.000100 0.000100
 -1.432618 -1.303407 -1.342022 -1.476678
 -1.327124 -1.333355 -1.474055 -1.418096
 -1.240787 -1.381144 -1.283346 -1.701311
 -1.879866 -1.312760 -1.220168 -1.261840
 -1.411563 -1.395938 -1.357910 -1.380553
 -1.466337 -1.407497 -1.292893 -1.386294
 -1.074515 -1.540445 -1.341994 -1.698669
 -1.713699 -1.227346 -1.282916 -1.388276
 -1.382638 -1.285339 -1.285339 -1.629790
 -1.378914 -1.248144 -1.439539 -1.495778
 -1.367539 -1.217256 -1.415991 -1.577259
 -1.830109 -1.213923 -1.282916 -1.326719
 -1.406416 -1.298619 -1.335798 -1.518120
 -1.216794 -1.515286 -1.354944 -1.486713
 -1.209943 -1.452739 -1.246533 -1.712816
 -1.795917 -1.365760 -1.215100 -1.265289
 -1.296888 -1.453234 -1.337162 -1.468738
 -1.322229 -1.395791 -1.466967 -1.365714
 -1.275597 -1.376311 -1.330996 -1.589569
 -1.738015 -1.317165 -1.332550 -1.229518
 -1.466337 -1.305407 -1.389964 -1.389964
 -1.299897 -1.286474 -1.377128 -1.614978
 -1.398987 -1.356124 -1.377326 -1.413693
 -1.803188 -1.285490 -1.271884 -1.278664
 -1.276126 -1.465668 -1.398416 -1.414809
 -1.371078 -1.405212 -1.325169 -1.447771
 -1.193923 -1.559036 -1.242125 -1.620190
 -1.822649 -1.360026 -1.228349 -1.241421
 -1.484925 -1.293163 -1.384454 -1.391834
 -1.378512 -1.254718 -1.434303 -1.493392
 -1.264598 -1.411828 -1.384615 -1.498212
 -1.757858 -1.323194 -1.301841 -1.240388
 -1.515912 -1.307157 -1.292768 -1.446919
 -1.525020 -1.350667 -1.350667 -1.330865
 -1.290819 -1.345254 -1.331365 -1.607618
 -1.885946 -1.283184 -1.168408 -1.345922
 -1.348712 -1.324419 -1.332451 -1.557613
 -1.279898 -1.493768 -1.337422 -1.448647
 -1.200098 -1.662396 -1.189109 -1.586410
 -1.780330 -1.253721 -1.133704 -1.495494
 -1.415708 -1.438351 -1.309602 -1.386294
 -1.367173 -1.405788 -1.462483 -1.315501
 -1.173088 -1.499304 -1.341080 -1.581134
 -1.708967 -1.265475 -1.265475 -1.367524
 -1.389964 -1.442806 -1.360977 -1.353859
 -1.409109 -1.456362 -1.306830 -1.378804
 -1.384532 -1.356753 -1.370546 -1.435085
 -1.812853 -1.376851 -1.185796 -1.276768
 -1.390351 -1.448945 -1.268062 -1.448945
 -1.342170 -1.424613 -1.356663 -1.424613
 -1.284676 -1.458445 -1.266438 -1.566242
 -1.737597 -1.345832 -1.186767 -1.352752
 -1.431268 -1.463791 -1.431268 -1.235701
 -1.486178 -1.254666 -1.529103 -1.302457
 -1.347828 -1.373307 -1.386294 -1.439999
 -1.672021 -1.416088 -1.266556 -1.245937
 -1.701746 -1.322257 -1.400422 -1.188726
 -1.450106 -1.347074 -1.442384 -1.312706
 -1.393785 -1.307400 -1.293702 -1.574604
 -1.968305 -1.221733 -1.245126 -1.281275
 -1.287854 -1.490378 -1.411907 -1.365816
 -1.417066 -1.474224 -1.256981 -1.410146
 -1.306928 -1.353448 -1.313442 -1.598948
 -1.830840 -1.252763 -1.170846 -1.410987
 -1.463726 -1.480820 -1.264598 -1.351609
 -1.359143 -1.388131 -1.496765 -1.310353
 -1.271082 -1.494225 -1.363455 -1.430146
 -1.805552 -1.294727 -1.142620 -1.416088
 -1.502126 -1.394138 -1.163151 -1.528794
 -1.409284 -1.417066 -1.371256 -1.349115
 -1.288497 -1.386294 -1.240002 -1.687769
 -1.975541 -1.393620 -1.043585 -1.343431
 -1.578666 -1.268511 -1.246533 -1.491655
 -1.567499 -1.418464 -1.242573 -1.344356
 -1.249719 -1.338666 -1.332869 -1.673976
 -1.781789 -1.329804 -1.169181 -1.360576
 -1.574846 -1.210203 -1.400893 -1.392525
 -1.306928 -1.231893 -1.461078 -1.581706
 -1.266545 -1.289668 -1.482571 -1.533491
 -1.512126 -1.368419 -1.215394 -1.476408
 -15.500057 -15.500057 -15.500057 -0.000001
 -15.620516 -15.620516 -15.620516 -0.000000
 -15.501910 -15.501910 -15.501910 -0.000001
 -15.394490 -15.394490 -15.394490 -0.000001
 -1.386294 -1.386294 -1.386294 -1.386294
 -1.386294 -1.386294 -1.386294 -1.386294
 -1.386294 -1.386294 -1.386294 -1.386294
 -1.304978 -16.893744 -0.975320 -1.044836
 -15.588767 -15.588767 -15.588767 -0.000001
 -1.386294 -1.386294 -1.386294 -1.386294
 -15.918425 -15.918425 -15.918425 -0.000000
 -15.848908 -15.848908 -15.848908 -0.000000
 -1.386294 -1.386294 -1.386294 -1.386294
 -1.386294 -1.386294 -1.386294 -1.386294
 -1.386294 -1.386294 -1.386294 -1.386294
 0.000000 -16.893744 -16.893744 -16.893744
 -16.893744 -16.893744 -0.000000 -16.893744
 -1.386294 -1.386294 -1.386294 -1.386294
 -1.386294 -1.386294 -1.386294 -1.386294
 -1.386294 -1.386294 -1.386294 -1.386294
 -1.386294 -1.386294 -1.386294 -1.386294
 -1.386294 -1.386294 -1.386294 -1.386294
 -1.133753 -1.261781 -1.569722 -1.677051
 -1.386294 -1.386294 -1.386294 -1.386294
 -1.539015 -1.362265 -1.251333 -1.413852
 -1.315677 -1.397742 -1.479980 -1.359027
 -1.230880 -1.277400 -1.549334 -1.528715
 -1.662547 -1.138819 -1.411233 -1.401183
 -1.386294 -1.457471 -1.356217 -1.348837
 -1.287428 -1.621434 -1.325169 -1.344587
 -1.305533 -1.470082 -1.326440 -1.453953
 -1.503127 -1.601862 -1.061295 -1.469511
