 -1.356824 0.000100 0.000100 0.000100
 -1.361887 0.000100 0.000100 0.000100
 -1.419344 0.000100 0.000100 0.000100
 -1.408649 0.000100 0.000100 0.000100
 -1.317975 -1.129384 -1.650680 -1.527067
 -1.433056 -1.454562 -1.476541 -1.205667
 -1.066864 -1.333927 -1.699385 -1.562185
 -1.802454 -1.429779 -1.229109 -1.193391
 -1.195462 -1.284016 -1.689480 -1.444358
 -1.329136 -1.556919 -1.329136 -1.347828
 -0.973108 -1.297347 -1.650986 -1.851656
 -1.992429 -1.317975 -1.262916 -1.161133
 -1.538820 -1.164127 -1.634130 -1.279959
 -1.312912 -1.433056 -1.499014 -1.312912
 -1.162035 -1.275363 -1.498506 -1.690877
 -1.978344 -1.175999 -1.016935 -1.652922
 -1.337238 -1.316185 -1.576467 -1.337238
 -1.328629 -1.477049 -1.582409 -1.199417
 -1.325670 -1.083109 -1.823507 -1.450833
 -1.661025 -1.426186 -1.093042 -1.449716
 -1.440361 -1.276732 -1.691675 -1.203973
 -1.499235 -1.614304 -1.664314 -0.945850
 -1.164308 -1.075755 -1.785995 -1.719303
 -1.514127 -1.309333 -1.255266 -1.491655
 -1.329724 -1.290504 -1.686398 -1.290504
 -1.343735 -1.400893 -1.721800 -1.158332
 -1.123931 -1.163151 -1.897118 -1.548813
 -1.600092 -1.391000 -1.250419 -1.335940
 -1.267953 -1.134422 -1.827568 -1.443157
 -1.477728 -1.284825 -1.716957 -1.153489
 -1.085955 -1.144223 -1.920750 -1.622258
 -1.420696 -1.643839 -1.042260 -1.548529
 -1.477728 -1.037417 -1.801515 -1.376632
 -1.420032 -1.480657 -1.825497 -0.995150
 -1.321756 -1.098613 -2.110211 -1.277304
 -1.402467 -1.704747 -1.136765 -1.380961
 -1.652922 -0.918955 -1.978344 -1.304616
 -1.585907 -1.763588 -1.881370 -0.751989
 -1.065387 -1.168571 -1.952688 -1.596014
 -1.418188 -1.418188 -1.144492 -1.622982
 -1.189584 -1.025282 -2.219201 -1.477266
 -1.567668 -1.950659 -1.984561 -0.669728
 -1.249436 -0.762141 -2.238043 -1.966111
 -1.300772 -2.010447 -0.945739 -1.583004
 -1.275069 -0.875470 -2.060022 -1.734600
 -1.812378 -2.444897 -2.187070 -0.449802
 -1.152680 -0.654434 -3.414425 -2.028146
 -1.062410 -1.853536 -1.062410 -1.883389
 -1.245713 -0.629199 -3.159353 -1.989289
 -1.936649 -1.904901 -2.151760 -0.526452
 -1.067842 -0.774494 -2.549438 -2.143976
 -1.089310 -1.652403 -1.146469 -1.869467
 -1.178655 -0.693148 -3.258086 -1.871801
 -1.694595 -1.837696 -2.410213 -0.566785
 -0.889859 -1.221992 -2.010446 -1.828125
 -0.923672 -1.791758 -1.275069 -1.852383
 -0.986496 -0.800393 -3.266598 -1.967323
 -1.358124 -1.435084 -2.302582 -0.904457
 -0.599623 -1.985912 -2.427741 -1.489478
 -1.067430 -1.684590 -1.287289 -1.636962
 -1.243680 -0.737932 -2.974065 -1.701105
 -1.192975 -1.274321 -1.886121 -1.326506
 -0.597839 -2.040217 -1.966110 -1.714797
 -1.604017 -1.386294 -1.137399 -1.477266
 -1.675395 -0.663796 -2.751530 -1.452252
 -1.240787 -1.213388 -1.566209 -1.585627
 -1.017924 -1.411828 -1.888749 -1.411828
 -2.067463 -1.017644 -1.646251 -1.141696
 -1.582039 -0.916292 -2.014901 -1.342809
 -1.318241 -1.160338 -1.605923 -1.521840
 -1.151257 -1.429969 -1.871800 -1.235814
 -1.739933 -1.031750 -1.652922 -1.285198
 -1.495914 -1.149044 -2.118441 -1.082352
 -1.467640 -1.188469 -1.783977 -1.214444
 -1.216396 -1.408767 -1.909541 -1.167606
 -2.228474 -0.982541 -1.511799 -1.212557
 -1.470486 -1.417843 -1.862527 -0.987061
 -1.428495 -1.240443 -1.727737 -1.226258
 -1.673975 -1.214445 -1.450833 -1.268512
 -1.665608 -1.077822 -1.483286 -1.411828
 -1.228666 -1.516347 -2.008822 -1.039424
 -1.818427 -1.558144 -1.740465 -0.794617
 -1.468532 -1.195240 -1.805003 -1.195240
 -1.778513 -1.288966 -1.609437 -1.034074
 -14.272938 -0.000002 -14.272938 -14.272938
 -14.467838 -0.000002 -14.467838 -14.467838
 -14.093145 -0.000002 -14.093145 -14.093145
 -14.869823 -0.000001 -14.869823 -14.869823
 -1.386294 -1.386294 -1.386294 -1.386294
 -1.251463 -1.228991 -1.533103 -1.582496
 -1.386294 -1.386294 -1.386294 -1.386294
 -1.386294 -1.386294 -1.386294 -1.386294
 -14.603970 -14.603970 -14.603970 -0.000001
 -14.626443 -14.626443 -14.626443 -0.000001
 -14.322330 -14.322330 -14.322330 -0.000002
 -14.272938 -14.272938 -14.272938 -0.000002
 -1.386294 -1.386294 -1.386294 -1.386294
 -1.386294 -1.386294 -1.386294 -1.386294
 -1.386294 -1.386294 -1.386294 -1.386294
 -0.000000 -15.855432 -15.855432 -15.855432
 -15.855432 -15.855432 -0.000000 -15.855432
 -1.386294 -1.386294 -1.386294 -1.386294
 -1.386294 -1.386294 -1.386294 -1.386294
 -1.386294 -1.386294 -1.386294 -1.386294
 -1.386294 -1.386294 -1.386294 -1.386294
 -1.386294 -1.386294 -1.386294 -1.386294
 -1.322081 -1.608138 -1.013879 -1.769893
 -1.386294 -1.386294 -1.386294 -1.386294
 -1.472862 -1.371766 -2.489793 -0.834374
 -1.571216 -1.510592 -2.041218 -0.817446
 -1.287406 -1.212371 -1.967649 -1.249185
 -1.579360 -1.113998 -1.474000 -1.441210
 -1.166435 -1.239195 -1.913648 -1.380845
 -1.424761 -1.122480 -1.667706 -1.405343
 -1.296144 -1.108092 -1.618916 -1.618916
 -2.064625 -0.918159 -1.416600 -1.463852
 -1.588251 0.000100 0.000100 0.000100
 -1.199797 0.000100 0.000100 0.000100
 -1.273528 0.000100 0.000100 0.000100
 -1.538888 0.000100 0.000100 0.000100
 -1.270387 -1.374318 -1.388707 -1.528469
 -1.289797 -1.379780 -1.422904 -1.460905
 -1.355976 -1.306049 -1.315837 -1.593731
 -1.766843 -1.257361 -1.225612 -1.381718
 -1.351339 -1.410295 -1.359002 -1.426622
 -1.490207 -1.217094 -1.445756 -1.414625
 -1.216278 -1.312859 -1.447389 -1.612264
 -1.927481 -1.074828 -1.276567 -1.451855
 -1.530689 -1.297884 -1.238164 -1.511457
 -1.445630 -1.253623 -1.402766 -1.456639
 -1.368767 -1.211862 -1.412166 -1.588057
 -1.929910 -1.118157 -1.214784 -1.464547
 -1.305020 -1.352545 -1.402442 -1.494966
 -1.320922 -1.450888 -1.239918 -1.563790
 -1.244053 -1.391834 -1.279830 -1.686952
 -1.750583 -1.234675 -1.212118 -1.436191
 -1.354667 -1.339686 -1.437229 -1.416944
 -1.453915 -1.229948 -1.474705 -1.405712
 -1.258073 -1.280052 -1.412223 -1.638997
 -1.908384 -1.129203 -1.371343 -1.292355
 -1.546728 -1.230058 -1.259046 -1.556580
 -1.325619 -1.236192 -1.505364 -1.505364
 -1.403848 -1.197511 -1.424901 -1.551768
 -2.072183 -1.105923 -1.205014 -1.412653
 -1.422366 -1.380596 -1.380596 -1.362578
 -1.360652 -1.326434 -1.370191 -1.495993
 -1.297387 -1.339947 -1.269988 -1.692490
 -1.891959 -1.159168 -1.198812 -1.452756
 -1.397928 -1.397928 -1.372717 -1.376875
 -1.388104 -1.200363 -1.601333 -1.395377
 -1.210961 -1.192833 -1.502716 -1.736116
 -1.797300 -1.124355 -1.327296 -1.409772
 -1.623695 -1.301983 -1.160122 -1.526056
 -1.507008 -1.170536 -1.396379 -1.510789
 -1.374770 -1.206435 -1.387349 -1.618967
 -1.921454 -1.059557 -1.188662 -1.597667
 -1.357991 -1.367337 -1.348731 -1.476355
 -1.211492 -1.485787 -1.368792 -1.507293
 -1.273854 -1.380980 -1.286634 -1.646529
 -1.853261 -1.262164 -1.217712 -1.330567
 -1.412728 -1.329029 -1.400893 -1.404822
 -1.398129 -1.370730 -1.402105 -1.374598
 -1.193103 -1.348756 -1.425297 -1.625967
 -1.744540 -1.233715 -1.341174 -1.300016
 -1.566209 -1.203304 -1.286976 -1.537771
 -1.356279 -1.135288 -1.523658 -1.593863
 -1.332227 -1.221991 -1.406335 -1.627456
 -2.047180 -1.037024 -1.179680 -1.565343
 -1.358250 -1.349439 -1.323464 -1.526511
 -1.262500 -1.372437 -1.390956 -1.538380
 -1.247108 -1.332924 -1.403454 -1.593498
 -1.794155 -1.152680 -1.247990 -1.465938
 -1.281708 -1.456393 -1.444022 -1.372846
 -1.541660 -1.236055 -1.541660 -1.267904
 -1.171336 -1.267564 -1.545196 -1.633420
 -1.819539 -1.137012 -1.492162 -1.230189
 -1.505087 -1.271093 -1.201621 -1.625715
 -1.449779 -1.253202 -1.377545 -1.480200
 -1.331235 -1.223776 -1.423608 -1.605008
 -1.956616 -1.037589 -1.266899 -1.502143
 -1.408350 -1.268384 -1.297371 -1.604856
 -1.292016 -1.410906 -1.397704 -1.451589
 -1.231490 -1.306322 -1.323358 -1.765573
 -1.662863 -1.286266 -1.156928 -1.515705
 -1.336355 -1.347445 -1.307367 -1.576181
 -1.354430 -1.329650 -1.505003 -1.365241
 -1.162066 -1.288193 -1.519567 -1.647213
 -1.859394 -1.051012 -1.368616 -1.426324
 -1.588263 -1.272410 -1.268944 -1.450574
 -1.463741 -1.216179 -1.426972 -1.460002
 -1.223980 -1.285041 -1.402824 -1.696077
 -1.940400 -1.014921 -1.310767 -1.494729
 -1.340385 -1.564597 -1.262316 -1.402078
 -1.351091 -1.471235 -1.224264 -1.525893
 -1.392025 -1.431093 -1.249435 -1.488485
 -1.656546 -1.320074 -1.247167 -1.367394
 -1.385278 -1.443872 -1.288490 -1.435288
 -1.746854 -1.367679 -1.351419 -1.164404
 -1.329041 -1.371881 -1.291062 -1.576676
 -1.529638 -1.397928 -1.344085 -1.289170
 -16.044449 -0.000000 -16.044449 -16.044449
 -16.126064 -0.000000 -16.126064 -16.126064
 -16.203356 -0.000000 -16.203356 -16.203356
 -16.154428 -0.000000 -16.154428 -16.154428
 -1.386294 -1.386294 -1.386294 -1.386294
 -1.431350 -1.011232 -1.599154 -1.633854
 -1.386294 -1.386294 -1.386294 -1.386294
 -1.386294 -1.386294 -1.386294 -1.386294
 -16.088667 -16.088667 -16.088667 -0.000000
 -16.508785 -16.508785 -16.508785 -0.000000
 -15.920864 -15.920864 -15.920864 -0.000000
 -15.886164 -15.886164 -15.886164 -0.000000
 -1.386294 -1.386294 -1.386294 -1.386294
 -1.386294 -1.386294 -1.386294 -1.386294
 -1.386294 -1.386294 -1.386294 -1.386294
 0.000000 -17.520018 -17.520018 -17.520018
 -17.520018 -17.520018 -0.000000 -17.520018
 -1.386294 -1.386294 -1.386294 -1.386294
 -1.386294 -1.386294 -1.386294 -1.386294
 -1.386294 -1.386294 -1.386294 -1.386294
 -1.386294 -1.386294 -1.386294 -1.386294
 -1.386294 -1.386294 -1.386294 -1.386294
 -1.192471 -1.150385 -1.621322 -1.701676
 -1.386294 -1.386294 -1.386294 -1.386294
 -1.556524 -1.217308 -1.242275 -1.587776
 -1.394101 -1.264889 -1.465560 -1.432444
 -1.405151 -1.067954 -1.625760 -1.540860
 -1.659241 -0.969646 -1.584120 -1.490007
 -1.161625 -1.542993 -1.409461 -1.474000
 -1.309189 -1.415511 -1.261360 -1.590169
 -1.153026 -1.340624 -1.320977 -1.859418
 -1.563728 -1.388524 -1.179769 -1.453063
