 -1.399993 0.000100 0.000100 0.000100
 -1.456746 0.000100 0.000100 0.000100
 -1.366092 0.000100 0.000100 0.000100
 -1.326871 0.000100 0.000100 0.000100
 -1.365816 -1.575536 -1.313172 -1.313172
 -1.485993 -1.364633 -1.282395 -1.423473
 -1.059392 -1.643339 -1.347074 -1.609437
 -2.410794 -1.199709 -1.079565 -1.312187
 -1.342492 -1.602002 -1.286922 -1.342492
 -1.285198 -1.690662 -1.211091 -1.422399
 -1.086848 -1.518981 -1.518981 -1.492312
 -1.358896 -1.473305 -0.999522 -1.925289
 -1.295323 -1.460402 -1.756667 -1.134981
 -1.174599 -1.346449 -1.867743 -1.285824
 -1.238079 -1.258698 -1.466337 -1.633391
 -1.807506 -1.001884 -1.519825 -1.386294
 -1.373391 -1.373391 -1.426035 -1.373391
 -1.220168 -1.423108 -1.853890 -1.180163
 -1.218572 -1.134015 -1.911716 -1.449095
 -1.366876 -1.698233 -1.041455 -1.564702
 -1.320204 -1.092421 -1.862527 -1.417843
 -1.185624 -1.568615 -1.473305 -1.358896
 -1.314321 -1.286922 -1.314321 -1.678963
 -1.477586 -1.340385 -1.290375 -1.448598
 -1.206099 -1.318576 -1.500897 -1.559738
 -1.548813 -1.337504 -1.609437 -1.123931
 -1.013455 -1.408767 -1.909541 -1.408767
 -1.357307 -1.580450 -1.199083 -1.446919
 -1.495027 -1.368276 -1.704747 -1.080594
 -1.287855 -1.542746 -1.365816 -1.365816
 -1.418043 -1.188469 -1.418043 -1.556193
 -1.544899 -1.544899 -1.139435 -1.373049
 -1.330725 -1.304056 -1.645805 -1.304056
 -1.535826 -1.711716 -1.473305 -0.980830
 -1.071584 -1.199417 -1.805551 -1.651401
 -1.479076 -1.451677 -1.092304 -1.596859
 -1.399366 -1.105128 -1.602965 -1.510592
 -1.798679 -1.680896 -1.542746 -0.833600
 -1.423473 -1.206409 -1.485993 -1.454245
 -1.286211 -1.979356 -1.111858 -1.360319
 -1.485993 -0.809108 -1.924247 -1.701104
 -1.763587 -1.850598 -1.683545 -0.722136
 -1.201645 -1.071025 -1.784789 -1.667007
 -1.386294 -1.568615 -0.996830 -1.756667
 -1.358124 -0.898592 -1.897118 -1.683545
 -1.939938 -1.785788 -2.173552 -0.553647
 -1.299283 -0.822360 -1.663925 -2.317848
 -1.290375 -1.569959 -1.072121 -1.745849
 -1.336462 -0.776848 -2.147389 -1.828937
 -2.068011 -2.068011 -1.981000 -0.495618
 -1.142673 -0.924950 -2.114529 -1.809149
 -1.003868 -1.749199 -1.231257 -1.785566
 -0.817446 -0.993902 -2.639051 -2.146578
 -2.178530 -2.024379 -1.603168 -0.591569
 -0.703099 -1.396245 -2.050167 -2.050167
 -1.133704 -1.791758 -1.207812 -1.548137
 -1.130361 -0.768860 -2.424278 -2.079439
 -1.299283 -1.515506 -2.110210 -0.950977
 -0.920932 -1.463255 -1.424035 -2.043071
 -1.024505 -1.958812 -1.060873 -1.871801
 -1.140069 -0.901178 -2.392828 -1.699684
 -1.417066 -1.321756 -1.810107 -1.116962
 -0.877242 -1.591893 -1.894172 -1.469291
 -1.591893 -1.469291 -1.143870 -1.395183
 -1.687555 -0.734452 -2.262917 -1.464412
 -1.303144 -1.464412 -1.597943 -1.221466
 -1.029621 -1.449473 -1.493925 -1.694594
 -1.791758 -1.280934 -1.163151 -1.414465
 -1.289668 -1.166054 -1.708377 -1.461518
 -1.148210 -1.419084 -1.642227 -1.397105
 -1.003303 -1.651996 -1.455287 -1.568615
 -1.974079 -1.414465 -1.306252 -1.057791
 -1.555043 -1.297215 -1.584896 -1.169382
 -1.616310 -1.032364 -1.725509 -1.320045
 -1.138459 -1.418043 -1.593933 -1.450833
 -2.140063 -1.060147 -1.246249 -1.392852
 -1.471816 -1.042822 -2.095968 -1.220503
 -1.504077 -0.944462 -1.974079 -1.386294
 -1.248895 -1.333452 -1.527607 -1.458615
 -1.965201 -1.295046 -1.318576 -1.144223
 -1.410200 -1.548350 -1.586090 -1.082988
 -1.440361 -1.335001 -1.558144 -1.239691
 -1.404643 -1.299283 -1.404643 -1.442384
 -1.862527 -1.111113 -1.392525 -1.320204
 -1.241113 -1.138459 -2.772579 -1.114361
 -1.464256 -1.032123 -1.897118 -1.337504
 -1.279431 -1.176778 -2.182295 -1.201470
 -2.345401 -1.092643 -1.652257 -0.974860
 -0.873896 -1.130616 -2.646955 -1.666132
 -1.024505 -0.903553 -1.839011 -2.564945
 -0.872942 -1.073612 -1.884538 -2.423528
 -1.935270 -0.709321 -1.319086 -2.340734
 -0.121891 -14.419828 -2.164961 -14.419828
 -0.129357 -14.686806 -2.109166 -14.686806
 -0.242949 -13.835317 -1.533930 -13.835317
 -0.267067 -13.369229 -1.450832 -13.369229
 -0.000001 -15.426948 -15.426948 -15.426948
 -1.386294 -1.386294 -1.386294 -1.386294
 -0.000003 -13.676253 -13.676253 -13.676253
 -1.386294 -1.386294 -1.386294 -1.386294
 -15.587068 -15.587068 -0.000001 -15.587068
 -1.386294 -1.386294 -1.386294 -1.386294
 -1.386294 -1.386294 -1.386294 -1.386294
 -1.386294 -1.386294 -1.386294 -1.386294
 -1.386294 -1.386294 -1.386294 -1.386294
 -1.386294 -1.386294 -1.386294 -1.386294
 -1.435085 -1.509192 -1.024869 -1.703898
 -1.386294 -1.386294 -1.386294 -1.386294
 -1.445135 -1.157453 -1.722765 -1.304056
 -1.689480 -1.178656 -1.823010 -1.060873
 -1.567668 -0.982411 -1.740939 -1.420032
 -1.728388 -0.983951 -1.494775 -1.494775
 -1.290985 -1.321756 -1.742968 -1.261132
 -1.361962 -1.138819 -1.624326 -1.484564
 -1.414732 -1.340624 -1.376992 -1.414732
 -2.018070 -1.092304 -1.373716 -1.278406
 -1.282740 0.000100 0.000100 0.000100
 -1.309255 0.000100 0.000100 0.000100
 -1.481108 0.000100 0.000100 0.000100
 -1.490249 0.000100 0.000100 0.000100
 -1.724479 -1.239261 -0.975042 -1.864590
 -1.615510 -1.062912 -1.400805 -1.563683
 -1.397212 -1.087213 -1.418033 -1.752329
 -2.294962 -0.897115 -1.228870 -1.615117
 -1.374656 -1.387470 -1.211134 -1.611904
 -1.291892 -1.414363 -1.187214 -1.731046
 -1.230674 -1.350855 -1.216389 -1.880016
 -1.898121 -1.199852 -1.032175 -1.646724
 -1.171305 -1.415543 -1.523741 -1.472510
 -1.380071 -1.348474 -1.426983 -1.391221
 -1.032729 -1.348193 -1.546302 -1.764792
 -1.854389 -1.095226 -1.396129 -1.341573
 -1.742533 -1.256488 -0.964711 -1.837731
 -1.592535 -1.053338 -1.409015 -1.592408
 -1.415376 -1.076534 -1.393509 -1.782671
 -2.278068 -0.913452 -1.215146 -1.610868
 -1.383343 -1.374165 -1.222435 -1.600984
 -1.281165 -1.433045 -1.207104 -1.689332
 -1.253826 -1.328708 -1.210054 -1.886584
 -1.884301 -1.197781 -1.031606 -1.661956
 -1.170287 -1.412339 -1.537787 -1.464070
 -1.381698 -1.366009 -1.463719 -1.338072
 -1.070935 -1.331051 -1.552714 -1.706830
 -1.841711 -1.109815 -1.400190 -1.326954
 -1.750815 -1.245267 -0.981218 -1.810029
 -1.604388 -1.050616 -1.404659 -1.590547
 -1.423487 -1.060793 -1.420040 -1.764678
 -2.313192 -0.897201 -1.220352 -1.618380
 -1.395126 -1.365685 -1.226146 -1.591741
 -1.298584 -1.403163 -1.210060 -1.697807
 -1.264321 -1.336263 -1.210672 -1.853128
 -1.875293 -1.191229 -1.046813 -1.651367
 -1.160403 -1.446144 -1.522443 -1.456779
 -1.390154 -1.373870 -1.448217 -1.336176
 -1.043504 -1.349054 -1.564200 -1.720142
 -1.844873 -1.103281 -1.400714 -1.332744
 -1.712578 -1.247634 -0.984124 -1.841057
 -1.607435 -1.057799 -1.395712 -1.586098
 -1.396246 -1.103406 -1.403580 -1.742851
 -2.312415 -0.912353 -1.197572 -1.622151
 -1.352592 -1.408313 -1.196163 -1.637203
 -1.262093 -1.420776 -1.198138 -1.750674
 -1.230982 -1.353912 -1.200550 -1.905571
 -1.889418 -1.206897 -1.018665 -1.667917
 -1.130785 -1.451653 -1.530283 -1.484733
 -1.377099 -1.351121 -1.414178 -1.403988
 -1.002692 -1.362914 -1.574654 -1.771272
 -1.825891 -1.106705 -1.397489 -1.342997
 -1.738813 -1.255938 -0.945466 -1.890714
 -1.626244 -1.050946 -1.394346 -1.581186
 -1.414556 -1.077599 -1.385928 -1.792982
 -2.320920 -0.894917 -1.213610 -1.629372
 -1.383569 -1.373498 -1.196428 -1.640794
 -1.280058 -1.404278 -1.206324 -1.730820
 -1.251511 -1.342012 -1.198396 -1.890934
 -1.885998 -1.199612 -1.022809 -1.674362
 -1.118857 -1.448590 -1.509984 -1.525408
 -1.375258 -1.352064 -1.420046 -1.399108
 -1.007279 -1.347982 -1.585924 -1.770391
 -1.865858 -1.077797 -1.408605 -1.345506
 -1.731912 -1.279400 -0.930378 -1.894153
 -1.622478 -1.049487 -1.387405 -1.595776
 -1.415160 -1.077033 -1.384155 -1.795929
 -2.303250 -0.906638 -1.201687 -1.632194
 -1.380921 -1.428078 -1.176251 -1.607186
 -1.273262 -1.450941 -1.193164 -1.701152
 -1.256413 -1.346673 -1.199286 -1.872019
 -1.849338 -1.229464 -1.028239 -1.647278
 -1.170011 -1.434526 -1.548419 -1.432026
 -1.419661 -1.382221 -1.473053 -1.280281
 -1.038904 -1.345384 -1.588784 -1.706257
 -1.841491 -1.121944 -1.424581 -1.290388
 -1.769719 -1.236436 -0.968622 -1.835108
 -1.666897 -1.020975 -1.405278 -1.581697
 -1.423609 -1.059307 -1.401386 -1.794532
 -2.328405 -0.914244 -1.194533 -1.615034
 -1.368515 -1.417688 -1.169735 -1.646140
 -1.318708 -1.410935 -1.169820 -1.724953
 -1.231228 -1.376855 -1.175481 -1.917155
 -1.866056 -1.238507 -0.984906 -1.703879
 -1.124825 -1.440206 -1.553923 -1.482826
 -1.447298 -1.296181 -1.467783 -1.344060
 -1.012245 -1.367756 -1.553302 -1.769773
 -1.844186 -1.134086 -1.386094 -1.309038
 -1.719681 -1.172230 -0.929816 -2.149221
 -1.672942 -0.809063 -1.436053 -2.046659
 -1.483382 -0.938008 -1.392345 -2.015661
 -2.654359 -0.719475 -1.225378 -1.903799
 -0.797635 -19.308613 -0.598552 -19.308613
 -0.646754 -20.188232 -0.741797 -20.188232
 -0.630378 -19.882662 -0.760122 -19.882662
 -1.271424 -19.061745 -0.329104 -19.061745
 0.000000 -20.365334 -20.365334 -20.365334
 -1.386294 -1.386294 -1.386294 -1.386294
 0.000000 -20.436703 -20.436703 -20.436703
 -1.386294 -1.386294 -1.386294 -1.386294
 -21.094801 -21.094801 0.000000 -21.094801
 -1.386294 -1.386294 -1.386294 -1.386294
 -1.386294 -1.386294 -1.386294 -1.386294
 -1.386294 -1.386294 -1.386294 -1.386294
 -1.386294 -1.386294 -1.386294 -1.386294
 -1.386294 -1.386294 -1.386294 -1.386294
 -1.257443 -1.327243 -1.205694 -1.890950
 -1.386294 -1.386294 -1.386294 -1.386294
 -1.135794 -1.405046 -1.559394 -1.499625
 -1.392712 -1.372401 -1.482010 -1.305928
 -1.008663 -1.290448 -1.681249 -1.748670
 -1.715337 -1.096513 -1.574592 -1.276648
 -1.731966 -1.289915 -0.961496 -1.799092
 -1.623026 -1.134125 -1.316765 -1.546487
 -1.407061 -1.054530 -1.460856 -1.744431
 -2.259740 -0.975804 -1.168253 -1.571065
