 -1.491926 0.000100 0.000100 0.000100
 -1.408545 0.000100 0.000100 0.000100
 -1.295216 0.000100 0.000100 0.000100
 -1.359755 0.000100 0.000100 0.000100
 -1.189585 -1.577349 -1.631416 -1.225952
 -1.514127 -1.427116 -1.514127 -1.139435
 -1.004928 -1.885283 -1.351203 -1.499623
 -1.945907 -1.763587 -1.070442 -1.070442
 -1.485385 -1.137079 -1.618916 -1.367602
 -1.312187 -1.523495 -1.360977 -1.360977
 -0.940390 -1.609437 -1.709520 -1.475906
 -1.791758 -1.149906 -1.261132 -1.455287
 -1.444563 -1.262242 -1.618916 -1.262242
 -1.203973 -1.404643 -1.442384 -1.522426
 -1.016936 -1.498772 -1.324419 -1.904235
 -1.417066 -1.337023 -1.068760 -1.887067
 -1.040019 -1.495493 -1.980999 -1.257083
 -1.425515 -1.425515 -1.348554 -1.348554
 -1.166932 -0.999879 -1.955386 -1.718999
 -1.779781 -1.327798 -1.160745 -1.374318
 -1.395183 -1.038509 -1.731654 -1.508512
 -1.317302 -1.627455 -1.583004 -1.107582
 -1.172721 -1.098614 -1.486377 -2.032917
 -1.309334 -1.386294 -1.237875 -1.660730
 -1.213023 -1.490654 -1.819156 -1.154183
 -1.161414 -1.800491 -1.653889 -1.107347
 -1.375365 -1.109663 -1.871799 -1.332806
 -1.882728 -1.302913 -1.225952 -1.263692
 -1.197704 -1.296144 -1.572396 -1.527944
 -1.650680 -1.599387 -1.704747 -0.857452
 -0.633252 -1.755390 -2.197218 -1.686397
 -1.816450 -1.867743 -1.027996 -1.123306
 -1.098613 -1.072638 -1.963607 -1.691675
 -1.228666 -1.516347 -1.698667 -1.187844
 -1.274503 -1.006240 -1.893539 -1.588160
 -1.651996 -1.353505 -1.073920 -1.568615
 -1.490654 -0.971862 -2.311630 -1.213023
 -1.625966 -2.095968 -1.668526 -0.709678
 -1.122144 -1.122144 -1.969437 -1.563975
 -1.555370 -1.791757 -1.003304 -1.364316
 -1.925288 -0.714203 -2.484898 -1.268512
 -1.609437 -1.660730 -1.966110 -0.755024
 -1.324926 -0.935462 -1.730388 -1.804496
 -1.496642 -1.806796 -0.927549 -1.530543
 -1.351609 -0.859134 -2.140061 -1.609437
 -2.006532 -2.214170 -1.888749 -0.502459
 -1.087440 -0.775066 -2.291405 -2.291405
 -1.495493 -1.495493 -1.142673 -1.457753
 -1.324419 -0.829725 -2.597374 -1.498772
 -2.355689 -2.674139 -1.863216 -0.384144
 -0.936771 -0.748720 -2.512294 -2.917751
 -1.067114 -1.737270 -1.114743 -1.883873
 -0.993253 -0.853491 -2.736210 -1.974078
 -1.667706 -2.024378 -2.360848 -0.536307
 -0.721321 -1.443452 -2.197218 -1.791757
 -0.841894 -2.247231 -1.174599 -1.867743
 -1.008229 -0.989880 -2.694620 -1.629916
 -1.666595 -1.666595 -1.609437 -0.862225
 -0.479577 -2.533683 -2.197217 -1.658226
 -1.044546 -2.043071 -1.155771 -1.591088
 -1.236013 -0.763107 -3.205439 -1.596014
 -1.215023 -1.252764 -1.738269 -1.419817
 -0.449920 -2.442336 -1.669155 -2.442336
 -1.479626 -1.724747 -1.031603 -1.437066
 -1.552685 -0.730328 -2.522079 -1.485993
 -1.141538 -1.601069 -1.601069 -1.282616
 -0.828695 -1.490090 -2.653228 -1.318241
 -2.008820 -1.074516 -1.362197 -1.315677
 -1.600305 -0.930149 -1.983295 -1.324052
 -1.342492 -1.260254 -1.806796 -1.234279
 -1.402823 -1.545923 -1.338285 -1.277661
 -1.820745 -1.188225 -1.395864 -1.252763
 -1.849576 -0.992130 -1.716046 -1.230541
 -1.658227 -1.225364 -1.540444 -1.198696
 -1.479076 -1.037245 -1.661396 -1.479076
 -2.105871 -1.107347 -1.310945 -1.279197
 -2.051265 -1.415282 -1.252764 -1.070443
 -1.777159 -1.616817 -1.446919 -0.923672
 -1.353142 -1.192800 -1.716046 -1.353142
 -2.028145 -1.558144 -1.180851 -1.047320
 -2.302577 -1.415282 -1.763586 -0.722137
 -2.474427 -0.970359 -2.068966 -0.890317
 -1.690289 -1.267434 -1.801514 -0.997144
 -3.156986 -1.211091 -1.514772 -0.821627
 -12.899230 -12.899230 -0.000007 -12.899230
 -14.030625 -14.030625 -0.000002 -14.030625
 -13.487012 -13.487012 -0.000004 -13.487012
 -14.363634 -14.363634 -0.000002 -14.363634
 -1.386294 -1.386294 -1.386294 -1.386294
 -1.386294 -1.386294 -1.386294 -1.386294
 -0.751025 -1.313235 -1.970663 -2.121894
 -1.386294 -1.386294 -1.386294 -1.386294
 -14.473033 -14.473033 -14.473033 -0.000002
 -13.910825 -13.910825 -13.910825 -0.000003
 -13.253399 -13.253399 -13.253399 -0.000005
 -13.102169 -13.102169 -13.102169 -0.000006
 -1.386294 -1.386294 -1.386294 -1.386294
 -1.386294 -1.386294 -1.386294 -1.386294
 -1.386294 -1.386294 -1.386294 -1.386294
 -0.000001 -15.224056 -15.224056 -15.224056
 -15.224056 -15.224056 -0.000001 -15.224056
 -1.386294 -1.386294 -1.386294 -1.386294
 -1.386294 -1.386294 -1.386294 -1.386294
 -1.386294 -1.386294 -1.386294 -1.386294
 -1.386294 -1.386294 -1.386294 -1.386294
 -1.386294 -1.386294 -1.386294 -1.386294
 -1.234592 -1.644267 -1.161685 -1.594874
 -1.386294 -1.386294 -1.386294 -1.386294
 -1.643628 -1.377926 -2.214170 -0.808833
 -1.971549 -1.373716 -1.596858 -0.903714
 -1.355523 -1.188469 -1.961656 -1.214445
 -1.933930 -0.984855 -1.528468 -1.327798
 -1.233954 -1.278406 -2.577677 -1.037245
 -1.455287 -1.123931 -1.742968 -1.321756
 -1.689478 -1.284016 -1.284016 -1.341174
 -1.757857 -1.192545 -1.126587 -1.609437
 -1.438540 0.000100 0.000100 0.000100
 -1.334244 0.000100 0.000100 0.000100
 -1.182607 0.000100 0.000100 0.000100
 -1.645634 0.000100 0.000100 0.000100
 -1.314469 -1.463681 -1.341226 -1.433490
 -1.386294 -1.379925 -1.303552 -1.483523
 -1.125039 -1.440590 -1.359879 -1.704405
 -1.727357 -1.252763 -1.189896 -1.459815
 -1.422071 -1.291856 -1.386294 -1.452325
 -1.451791 -1.249809 -1.499860 -1.362076
 -1.210203 -1.250049 -1.536828 -1.607886
 -1.947852 -1.188892 -1.310663 -1.261531
 -1.539845 -1.305005 -1.151329 -1.618488
 -1.298064 -1.364570 -1.253495 -1.682308
 -1.260300 -1.414970 -1.266550 -1.651844
 -1.896538 -1.244940 -1.050072 -1.550971
 -1.357721 -1.438351 -1.273354 -1.489242
 -1.441159 -1.375989 -1.314808 -1.417863
 -1.108932 -1.452066 -1.420408 -1.637902
 -1.613730 -1.294299 -1.302142 -1.367206
 -1.443123 -1.364907 -1.260802 -1.491744
 -1.472302 -1.289981 -1.517764 -1.286899
 -1.139335 -1.355644 -1.477304 -1.640234
 -1.874130 -1.082922 -1.359675 -1.381654
 -1.525526 -1.271956 -1.210775 -1.588440
 -1.366934 -1.443541 -1.226788 -1.533452
 -1.293621 -1.328379 -1.275158 -1.706880
 -1.832805 -1.206060 -1.098612 -1.573453
 -1.266671 -1.403008 -1.369856 -1.522196
 -1.347134 -1.350150 -1.314538 -1.550150
 -1.207246 -1.452889 -1.267578 -1.684300
 -1.758065 -1.203627 -1.196730 -1.490156
 -1.442259 -1.334839 -1.260510 -1.528333
 -1.370853 -1.210272 -1.562248 -1.434102
 -1.255052 -1.223471 -1.492333 -1.630232
 -1.992430 -1.095587 -1.344745 -1.314209
 -1.600469 -1.363141 -1.114962 -1.539845
 -1.387006 -1.294549 -1.315547 -1.571039
 -1.261436 -1.357356 -1.264490 -1.731440
 -1.798256 -1.174501 -1.171511 -1.534603
 -1.266255 -1.489398 -1.344659 -1.461114
 -1.356758 -1.483913 -1.251995 -1.470445
 -1.210887 -1.468716 -1.314123 -1.593879
 -1.825376 -1.330055 -1.184873 -1.314551
 -1.452702 -1.327124 -1.284565 -1.495874
 -1.432048 -1.244745 -1.534500 -1.356336
 -1.199212 -1.237433 -1.559464 -1.618522
 -2.014903 -1.098612 -1.261937 -1.385381
 -1.515538 -1.439653 -1.111457 -1.540749
 -1.342779 -1.331850 -1.190199 -1.767662
 -1.377755 -1.331235 -1.238289 -1.640799
 -1.801837 -1.293224 -1.062798 -1.536503
 -1.342809 -1.525131 -1.235323 -1.467263
 -1.201551 -1.514642 -1.318326 -1.552100
 -1.236911 -1.345845 -1.283868 -1.757725
 -1.863813 -1.113699 -1.264598 -1.451475
 -1.438654 -1.322768 -1.289881 -1.509354
 -1.407259 -1.307338 -1.510738 -1.332183
 -1.264912 -1.305845 -1.408424 -1.598181
 -1.899482 -1.128373 -1.287223 -1.383265
 -1.591580 -1.432385 -1.112218 -1.474781
 -1.396845 -1.402924 -1.219586 -1.554030
 -1.408994 -1.340001 -1.198171 -1.650156
 -1.827625 -1.216395 -1.077164 -1.597763
 -1.286396 -1.467310 -1.344383 -1.458907
 -1.436056 -1.360734 -1.239103 -1.532387
 -1.255769 -1.351548 -1.296396 -1.699425
 -1.667606 -1.274697 -1.152511 -1.532738
 -1.346816 -1.343595 -1.263305 -1.628067
 -1.514799 -1.228050 -1.596398 -1.256461
 -1.259084 -1.200766 -1.540692 -1.605000
 -1.960095 -1.114840 -1.341056 -1.310750
 -1.666436 -1.286946 -1.035267 -1.715707
 -1.341594 -1.319972 -1.275520 -1.649516
 -1.373142 -1.305777 -1.283231 -1.616524
 -1.927333 -1.171759 -1.096828 -1.557252
 -1.254718 -1.533309 -1.422083 -1.355523
 -1.272859 -1.457865 -1.487327 -1.342234
 -1.123407 -1.464072 -1.350218 -1.690899
 -1.703133 -1.425860 -1.122605 -1.377711
 -1.350362 -1.512881 -1.282154 -1.414117
 -1.464206 -1.345107 -1.488208 -1.264255
 -1.226704 -1.344141 -1.547238 -1.456100
 -2.007766 -1.351975 -1.183591 -1.201291
 -16.217035 -16.217035 -0.000000 -16.217035
 -16.286995 -16.286995 -0.000000 -16.286995
 -16.312840 -16.312840 -0.000000 -16.312840
 -16.342039 -16.342039 -0.000000 -16.342039
 -1.386294 -1.386294 -1.386294 -1.386294
 -1.386294 -1.386294 -1.386294 -1.386294
 -1.211857 -1.323124 -1.239806 -1.919956
 -1.386294 -1.386294 -1.386294 -1.386294
 -16.465225 -16.465225 -16.465225 -0.000000
 -16.353958 -16.353958 -16.353958 -0.000000
 -16.437277 -16.437277 -16.437277 -0.000000
 -15.757127 -15.757127 -15.757127 -0.000000
 -1.386294 -1.386294 -1.386294 -1.386294
 -1.386294 -1.386294 -1.386294 -1.386294
 -1.386294 -1.386294 -1.386294 -1.386294
 0.000000 -17.677082 -17.677082 -17.677082
 -17.677082 -17.677082 0.000000 -17.677082
 -1.386294 -1.386294 -1.386294 -1.386294
 -1.386294 -1.386294 -1.386294 -1.386294
 -1.386294 -1.386294 -1.386294 -1.386294
 -1.386294 -1.386294 -1.386294 -1.386294
 -1.386294 -1.386294 -1.386294 -1.386294
 -1.269306 -1.128504 -1.615557 -1.626195
 -1.386294 -1.386294 -1.386294 -1.386294
 -1.524112 -1.362625 -1.254636 -1.422884
 -1.354302 -1.339302 -1.369531 -1.488913
 -1.426235 -1.275236 -1.533065 -1.329724
 -1.698883 -1.242125 -1.143453 -1.562432
 -1.253684 -1.526425 -1.348349 -1.437297
 -1.200591 -1.562847 -1.330788 -1.490873
 -1.095478 -1.566420 -1.309275 -1.677646
 -1.688733 -1.487181 -1.161538 -1.286510
