 -1.373049 0.000100 0.000100 0.000100
 -1.518466 0.000100 0.000100 0.000100
 -1.358124 0.000100 0.000100 0.000100
 -1.307571 0.000100 0.000100 0.000100
 -1.424613 -1.226788 -1.456362 -1.456362
 -1.449095 -1.377636 -1.412727 -1.310945
 -0.993253 -1.504077 -1.686398 -1.504077
 -1.820331 -1.459319 -1.043805 -1.372308
 -1.271884 -1.448815 -1.481604 -1.356441
 -1.319849 -1.579360 -1.237612 -1.441210
 -0.946597 -1.432104 -1.853316 -1.530543
 -1.556193 -1.241113 -1.296682 -1.484734
 -1.125460 -1.406362 -1.721442 -1.379694
 -1.059998 -1.708692 -1.548350 -1.347680
 -1.293921 -1.131403 -1.354546 -1.929907
 -1.921810 -1.410987 -1.174599 -1.201267
 -1.510998 -1.450373 -1.421386 -1.192545
 -1.060873 -1.433547 -1.823010 -1.371027
 -0.949082 -1.419084 -1.488077 -1.929907
 -1.791758 -1.309922 -1.370546 -1.172721
 -1.071584 -1.294727 -1.651401 -1.651401
 -1.304465 -1.563975 -1.458615 -1.248895
 -1.257083 -1.170072 -1.618095 -1.575536
 -1.565635 -1.432104 -1.160171 -1.432104
 -1.320045 -1.222407 -1.687769 -1.372689
 -1.191703 -1.686398 -1.504077 -1.241714
 -1.315677 -1.285824 -1.721141 -1.285824
 -1.158205 -1.361803 -1.499953 -1.576914
 -1.520772 -1.328400 -1.328400 -1.379694
 -1.558144 -1.712294 -1.489151 -0.958525
 -1.296144 -1.197704 -1.830224 -1.331235
 -1.537979 -1.378914 -1.121086 -1.573070
 -1.483286 -1.090245 -2.214170 -1.115563
 -1.609437 -1.500238 -1.371027 -1.129866
 -1.113998 -1.161626 -1.879463 -1.579360
 -1.339148 -1.980999 -1.044909 -1.393215
 -1.286922 -1.047693 -2.189786 -1.342492
 -1.535329 -2.302580 -1.823010 -0.648028
 -1.073295 -1.000975 -2.277262 -1.671130
 -1.473305 -1.637608 -1.256242 -1.232144
 -1.595049 -0.784120 -2.094037 -1.526056
 -1.830673 -2.167144 -2.310243 -0.468480
 -1.492904 -0.962277 -2.003726 -1.353142
 -1.333804 -1.652257 -1.110661 -1.534474
 -1.143870 -0.898748 -2.329487 -1.731654
 -1.878769 -2.136597 -2.079439 -0.503907
 -1.108976 -0.937126 -2.009758 -1.935651
 -0.952010 -1.774367 -1.190420 -1.963608
 -1.079565 -0.787177 -3.103934 -1.830979
 -1.732039 -2.788084 -2.302580 -0.413189
 -1.142098 -0.693149 -2.463845 -2.346063
 -1.126587 -1.798679 -1.006443 -1.932209
 -1.269238 -0.726374 -2.950986 -1.698233
 -1.919591 -1.678430 -2.238043 -0.579820
 -0.680880 -1.686397 -2.091859 -1.686397
 -0.941428 -1.904236 -1.311174 -1.652922
 -1.056053 -0.804739 -3.001953 -1.862527
 -1.213682 -1.708377 -1.791758 -1.035434
 -0.539000 -1.791757 -2.079436 -2.079436
 -0.878071 -1.669656 -1.426035 -1.858897
 -1.235669 -0.802347 -2.674144 -1.649644
 -1.056054 -1.631416 -1.982812 -1.143065
 -0.817447 -1.299283 -2.264357 -1.704746
 -1.207094 -1.782455 -1.305533 -1.340624
 -1.597943 -0.783845 -2.514229 -1.346629
 -1.185045 -1.272056 -1.965201 -1.295046
 -1.203974 -1.415282 -1.850597 -1.203974
 -1.937940 -1.244795 -1.362578 -1.164753
 -1.508184 -1.066352 -1.970805 -1.220503
 -1.341843 -1.219241 -1.559566 -1.456912
 -1.425009 -1.233954 -1.425009 -1.479076
 -1.596014 -1.190550 -1.413693 -1.386294
 -1.436725 -1.090450 -1.859580 -1.307514
 -1.303407 -1.326396 -1.686398 -1.280934
 -1.433251 -1.290151 -1.646824 -1.225613
 -2.174748 -1.121603 -1.219241 -1.327454
 -1.440361 -1.335001 -1.902983 -1.047320
 -1.529885 -1.185045 -1.445328 -1.418660
 -1.194841 -1.324052 -1.600305 -1.472472
 -3.184960 -1.339148 -1.148093 -0.969402
 -1.347074 -1.272966 -1.609437 -1.347074
 -1.263162 -1.339148 -1.542746 -1.421386
 -0.953875 -1.402824 -1.585145 -1.808287
 -1.884540 -1.301395 -0.985058 -1.596859
 -0.000002 -14.137597 -14.137597 -14.137597
 -0.000002 -14.144817 -14.144817 -14.144817
 -0.000002 -14.115618 -14.115618 -14.115618
 -0.000003 -13.937732 -13.937732 -13.937732
 -0.856227 -1.200803 -2.479207 -1.658228
 -1.386294 -1.386294 -1.386294 -1.386294
 -1.386294 -1.386294 -1.386294 -1.386294
 -1.386294 -1.386294 -1.386294 -1.386294
 -14.617514 -14.617514 -14.617514 -0.000001
 -14.272938 -14.272938 -14.272938 -0.000002
 -12.994539 -12.994539 -12.994539 -0.000007
 -13.815515 -13.815515 -13.815515 -0.000003
 -1.386294 -1.386294 -1.386294 -1.386294
 -1.386294 -1.386294 -1.386294 -1.386294
 -1.386294 -1.386294 -1.386294 -1.386294
 -0.000001 -15.473740 -15.473740 -15.473740
 -15.473740 -15.473740 -0.000001 -15.473740
 -1.386294 -1.386294 -1.386294 -1.386294
 -1.386294 -1.386294 -1.386294 -1.386294
 -1.386294 -1.386294 -1.386294 -1.386294
 -1.386294 -1.386294 -1.386294 -1.386294
 -1.386294 -1.386294 -1.386294 -1.386294
 -1.427116 -1.688687 -0.985284 -1.599959
 -1.386294 -1.386294 -1.386294 -1.386294
 -1.435084 -1.402295 -2.351370 -0.865991
 -1.483668 -1.140725 -2.377479 -1.019364
 -1.289131 -1.307823 -1.781606 -1.252763
 -1.618916 -1.052522 -1.572396 -1.405342
 -1.180626 -1.106518 -2.205126 -1.378451
 -1.468532 -1.217218 -1.805003 -1.173733
 -1.152681 -1.386294 -1.558144 -1.497519
 -1.639290 -1.184555 -1.552279 -1.243978
 -1.347243 0.000100 0.000100 0.000100
 -1.353292 0.000100 0.000100 0.000100
 -1.346037 0.000100 0.000100 0.000100
 -1.507847 0.000100 0.000100 0.000100
 -1.373113 -1.494473 -1.264899 -1.426915
 -1.348194 -1.430967 -1.357584 -1.410866
 -1.164598 -1.438222 -1.369568 -1.627675
 -1.723333 -1.251348 -1.241495 -1.400560
 -1.339213 -1.392494 -1.325161 -1.497302
 -1.409581 -1.309997 -1.441499 -1.388855
 -1.197413 -1.346449 -1.469827 -1.570709
 -1.798566 -1.143003 -1.366146 -1.345093
 -1.313826 -1.418660 -1.285786 -1.547690
 -1.349107 -1.403666 -1.327224 -1.471325
 -1.190493 -1.409461 -1.343947 -1.656321
 -1.710790 -1.293055 -1.204419 -1.406579
 -1.242947 -1.445995 -1.300105 -1.592322
 -1.213590 -1.362851 -1.460114 -1.538366
 -1.167035 -1.453497 -1.347161 -1.634843
 -1.691268 -1.374931 -1.175802 -1.369297
 -1.374918 -1.435542 -1.305020 -1.435542
 -1.227381 -1.378612 -1.538733 -1.425618
 -1.220959 -1.303994 -1.428292 -1.640466
 -1.896148 -1.212758 -1.278604 -1.294436
 -1.380087 -1.331769 -1.294727 -1.558456
 -1.239149 -1.361573 -1.433893 -1.533714
 -1.276189 -1.436337 -1.303464 -1.553462
 -1.742206 -1.339288 -1.201303 -1.339288
 -1.341027 -1.415503 -1.375093 -1.415503
 -1.236899 -1.316236 -1.427732 -1.600865
 -1.128044 -1.455950 -1.402669 -1.623457
 -1.853783 -1.330536 -1.147333 -1.341174
 -1.450514 -1.395910 -1.312528 -1.391091
 -1.344774 -1.344774 -1.388791 -1.472173
 -1.175669 -1.395910 -1.353350 -1.685203
 -1.801598 -1.174120 -1.273965 -1.401799
 -1.372308 -1.397885 -1.257898 -1.536611
 -1.335475 -1.358255 -1.367514 -1.491128
 -1.249795 -1.387484 -1.283553 -1.678346
 -1.812724 -1.167309 -1.154064 -1.559529
 -1.339891 -1.510517 -1.228665 -1.493225
 -1.202002 -1.513590 -1.476646 -1.382750
 -1.201748 -1.375220 -1.319531 -1.718766
 -1.775402 -1.338004 -1.189584 -1.332306
 -1.345520 -1.431287 -1.416472 -1.354694
 -1.295780 -1.350115 -1.340014 -1.583462
 -1.293513 -1.336623 -1.349927 -1.591089
 -1.839859 -1.191164 -1.296524 -1.332518
 -1.344805 -1.476227 -1.250839 -1.493225
 -1.275505 -1.392229 -1.382750 -1.508228
 -1.174120 -1.427116 -1.260062 -1.788129
 -1.693995 -1.303345 -1.142818 -1.488656
 -1.314254 -1.556640 -1.199965 -1.517419
 -1.261057 -1.374923 -1.437120 -1.486445
 -1.191164 -1.310767 -1.391834 -1.726530
 -1.666508 -1.349499 -1.209485 -1.372891
 -1.325600 -1.408982 -1.339023 -1.479010
 -1.520006 -1.316712 -1.340579 -1.379993
 -1.178365 -1.355417 -1.444888 -1.616431
 -1.818192 -1.243387 -1.238374 -1.349306
 -1.482379 -1.511199 -1.206126 -1.374748
 -1.273816 -1.376816 -1.481128 -1.425134
 -1.325670 -1.316661 -1.367246 -1.553348
 -1.674875 -1.326146 -1.188814 -1.416392
 -1.329568 -1.359421 -1.281712 -1.604263
 -1.303860 -1.436081 -1.322379 -1.495398
 -1.256836 -1.454790 -1.290034 -1.576311
 -1.863218 -1.405037 -1.103932 -1.317125
 -1.312551 -1.391410 -1.366092 -1.482625
 -1.344595 -1.305756 -1.454366 -1.448856
 -1.262096 -1.367886 -1.416247 -1.515619
 -1.768261 -1.234745 -1.210990 -1.424788
 -1.409225 -1.518028 -1.252133 -1.383779
 -1.235188 -1.483024 -1.393412 -1.452252
 -1.244829 -1.511457 -1.333776 -1.478668
 -1.415362 -1.264427 -1.293841 -1.606713
 -1.235331 -1.368862 -1.350597 -1.630766
 -1.488267 -1.276958 -1.301055 -1.500101
 -1.323810 -1.355132 -1.263963 -1.642814
 -1.637217 -1.320045 -1.181399 -1.463146
 -1.321121 -1.379961 -1.200168 -1.712401
 -1.271948 -1.473090 -1.198446 -1.666876
 -1.307548 -1.235516 -1.315881 -1.768464
 -1.661597 -1.197516 -1.139808 -1.669502
 -0.000000 -15.912301 -15.912301 -15.912301
 -0.000000 -15.957928 -15.957928 -15.957928
 -0.000000 -16.060467 -16.060467 -16.060467
 -0.000001 -15.571644 -15.571644 -15.571644
 -1.314025 -1.308207 -1.376620 -1.567676
 -1.386294 -1.386294 -1.386294 -1.386294
 -1.386294 -1.386294 -1.386294 -1.386294
 -1.386294 -1.386294 -1.386294 -1.386294
 -15.963778 -15.963778 -15.963778 -0.000000
 -15.969596 -15.969596 -15.969596 -0.000000
 -15.901183 -15.901183 -15.901183 -0.000000
 -15.710128 -15.710128 -15.710128 -0.000000
 -1.386294 -1.386294 -1.386294 -1.386294
 -1.386294 -1.386294 -1.386294 -1.386294
 -1.386294 -1.386294 -1.386294 -1.386294
 0.000000 -17.277803 -17.277803 -17.277803
 -17.277803 -17.277803 -0.000000 -17.277803
 -1.386294 -1.386294 -1.386294 -1.386294
 -1.386294 -1.386294 -1.386294 -1.386294
 -1.386294 -1.386294 -1.386294 -1.386294
 -1.386294 -1.386294 -1.386294 -1.386294
 -1.386294 -1.386294 -1.386294 -1.386294
 -1.144819 -1.259528 -1.579779 -1.650730
 -1.386294 -1.386294 -1.386294 -1.386294
 -1.385310 -1.242471 -1.401183 -1.538149
 -1.180314 -1.356897 -1.545245 -1.504630
 -1.240660 -1.334393 -1.418780 -1.582409
 -1.504077 -1.240583 -1.373307 -1.446919
 -1.217270 -1.618806 -1.278141 -1.481604
 -1.176944 -1.560430 -1.337287 -1.517871
 -1.057209 -1.529497 -1.331046 -1.761829
 -1.564612 -1.333283 -1.163724 -1.537584
