 -1.393494 0.000100 0.000100 0.000100
 -1.387730 0.000100 0.000100 0.000100
 -1.381999 0.000100 0.000100 0.000100
 -1.381999 0.000100 0.000100 0.000100
 -1.241269 -1.785995 -1.464412 -1.164308
 -1.170072 -1.632694 -1.374866 -1.421386
 -1.139435 -1.609437 -1.358124 -1.501224
 -2.029290 -1.501224 -1.037652 -1.232961
 -1.066352 -1.471816 -1.495914 -1.598568
 -1.336462 -1.741926 -1.256420 -1.282395
 -0.934786 -1.920067 -1.263290 -1.725912
 -1.699385 -1.419084 -0.977252 -1.614828
 -1.277095 -1.425515 -1.445718 -1.405712
 -1.270913 -1.602269 -1.350955 -1.350955
 -1.143733 -1.310787 -1.467972 -1.707201
 -1.725509 -1.270035 -1.372689 -1.245937
 -1.522870 -1.193391 -1.365241 -1.498772
 -1.247033 -1.397855 -1.247033 -1.725067
 -1.258698 -1.238079 -1.603538 -1.492312
 -1.615480 -1.199965 -1.327798 -1.448426
 -1.563975 -1.053151 -1.592146 -1.433922
 -1.267953 -1.285972 -1.737956 -1.323013
 -1.386294 -0.965792 -1.673976 -1.704747
 -1.609437 -1.040344 -1.514127 -1.484275
 -1.501070 -1.068937 -1.816150 -1.305326
 -1.052867 -1.332451 -1.630944 -1.652923
 -1.616817 -1.020835 -1.693778 -1.357307
 -1.897118 -1.183354 -1.246533 -1.361602
 -1.307157 -1.552279 -1.329136 -1.374598
 -1.336846 -1.252763 -1.529749 -1.448072
 -1.473305 -1.306252 -1.119666 -1.750936
 -1.744691 -1.615480 -0.922334 -1.474401
 -1.135654 -1.579584 -1.773740 -1.193923
 -1.075356 -1.609437 -1.768502 -1.243978
 -1.032551 -1.538820 -2.064912 -1.195876
 -1.500897 -1.445328 -1.318576 -1.295046
 -1.477049 -1.651402 -1.805552 -0.878213
 -1.219757 -1.636650 -1.868451 -1.033655
 -1.427116 -1.650259 -1.883873 -0.877071
 -1.821611 -1.329136 -1.654558 -0.961412
 -0.961902 -2.571333 -0.929112 -1.920750
 -0.960896 -2.701354 -0.860813 -2.059505
 -0.603293 -2.816253 -1.328187 -2.054121
 -1.091340 -3.048172 -0.650284 -2.355029
 -2.776254 -0.171394 -4.223154 -2.518426
 -1.658225 -0.602181 -2.128221 -1.945903
 -3.754520 -0.080044 -5.700345 -2.992388
 -2.809387 -0.358401 -2.339391 -1.933930
 -12.821269 -12.821269 -12.821269 -0.000008
 -15.585366 -15.585366 -15.585366 -0.000001
 -12.100735 -12.100735 -12.100735 -0.000017
 -13.217681 -13.217681 -13.217681 -0.000005
 -1.386294 -1.386294 -1.386294 -1.386294
 -1.386294 -1.386294 -1.386294 -1.386294
 -1.386294 -1.386294 -1.386294 -1.386294
 -0.593542 -2.809114 -1.157714 -2.614958
 -0.000001 -15.163585 -15.163585 -15.163585
 -0.000007 -12.948019 -12.948019 -12.948019
 -0.000001 -14.599414 -14.599414 -14.599414
 -0.000006 -13.142174 -13.142174 -13.142174
 -2.634761 -0.300679 -3.602342 -1.828286
 -1.386294 -1.386294 -1.386294 -1.386294
 -1.386294 -1.386294 -1.386294 -1.386294
 -1.386294 -1.386294 -1.386294 -1.386294
 -1.609436 -0.776532 -2.302573 -1.427116
 -0.973107 -1.401920 -1.915373 -1.475422
 -1.152684 -1.152684 -1.845814 -1.558141
 -1.422662 -1.317302 -1.540444 -1.284512
 -1.195605 -1.282616 -1.688080 -1.446919
 -1.236763 -1.274503 -1.536867 -1.536867
 -1.349927 -1.126784 -2.043071 -1.248145
 -1.704747 -1.214126 -1.255798 -1.442384
 -1.477266 -1.526056 -1.501364 -1.104062
 -1.396245 -1.458120 -1.594695 -1.149385
 -1.644529 -1.365816 -1.365816 -1.215534
 -1.976492 -1.374318 -1.199965 -1.180163
 -1.497108 -1.249273 -1.561647 -1.273965
 -1.501070 -1.423108 -1.585627 -1.104655
 -1.301257 -1.368699 -1.664162 -1.258698
 -2.056865 -1.184379 -1.245937 -1.278198
 -1.497108 -1.436484 -2.660252 -0.758153
 -1.696925 -1.423632 -1.725912 -0.921541
 -1.380025 -1.380025 -1.977860 -1.025854
 -2.140064 -1.190986 -1.654558 -0.948673
 -1.409461 -1.186319 -2.677965 -0.963175
 -1.540445 -1.272181 -1.802808 -1.076873
 -1.016375 -1.562917 -1.881369 -1.286665
 -2.373113 -0.843721 -1.739391 -1.200395
 -0.794402 -1.378914 -2.132683 -1.727220
 -1.069012 -1.622397 -1.373501 -1.579837
 -0.906723 -1.348554 -1.386294 -2.447159
 -1.752538 -1.211408 -1.034074 -1.752538
 -14.613020 -0.000001 -14.613020 -14.613020
 -14.369398 -0.000002 -14.369398 -14.369398
 -14.408840 -0.000002 -14.408840 -14.408840
 -13.997835 -0.000003 -13.997835 -13.997835
 -1.386294 -1.386294 -1.386294 -1.386294
 -0.000001 -15.757127 -15.757127 -15.757127
 -1.386294 -1.386294 -1.386294 -1.386294
 -1.386294 -1.386294 -1.386294 -1.386294
 -15.757127 -15.757127 -0.000000 -15.757127
 -1.386294 -1.386294 -1.386294 -1.386294
 -1.386294 -1.386294 -1.386294 -1.386294
 -1.386294 -1.386294 -1.386294 -1.386294
 -1.386294 -1.386294 -1.386294 -1.386294
 -1.386294 -1.386294 -1.386294 -1.386294
 -1.223776 -1.376301 -1.268671 -1.759293
 -1.386294 -1.386294 -1.386294 -1.386294
 -1.609437 -1.228666 -1.609437 -1.179876
 -1.586965 -1.181500 -1.704747 -1.181500
 -1.449473 -1.252763 -1.449473 -1.406914
 -1.609437 -1.098613 -1.609437 -1.321756
 -1.039190 -1.326871 -2.592531 -1.183771
 -1.286665 -1.252763 -1.658228 -1.395864
 -1.249273 -1.249273 -1.630639 -1.466337
 -1.454562 -1.063697 -1.476541 -1.645617
 -1.337246 0.000100 0.000100 0.000100
 -1.288386 0.000100 0.000100 0.000100
 -1.513987 0.000100 0.000100 0.000100
 -1.420116 0.000100 0.000100 0.000100
 -1.708436 -1.126994 -1.126994 -1.767031
 -1.592748 -1.052029 -1.387698 -1.620721
 -1.468683 -1.055614 -1.431226 -1.699489
 -2.360213 -0.817351 -1.278696 -1.684161
 -1.199616 -1.381937 -1.454040 -1.541901
 -1.261818 -1.441895 -1.246948 -1.645059
 -1.239434 -1.220110 -1.320697 -1.908483
 -1.836783 -1.163570 -1.177084 -1.513556
 -1.203002 -1.431011 -1.655680 -1.310522
 -1.374866 -1.341343 -1.582505 -1.272350
 -1.053430 -1.277578 -1.553603 -1.825951
 -1.799956 -1.012622 -1.432231 -1.458207
 -1.780586 -1.143128 -1.042625 -1.831879
 -1.685569 -0.966638 -1.453511 -1.606675
 -1.541676 -0.929290 -1.389991 -1.951460
 -2.605154 -0.866641 -1.202332 -1.583504
 -1.506490 -1.364840 -1.176249 -1.539642
 -1.378098 -1.390418 -1.202602 -1.616665
 -1.290738 -1.305627 -1.205781 -1.867745
 -1.870718 -1.129452 -1.051994 -1.751371
 -1.279299 -1.371672 -1.424664 -1.480623
 -1.223776 -1.381999 -1.542839 -1.422821
 -1.077637 -1.271008 -1.663228 -1.663228
 -1.834684 -1.017924 -1.601069 -1.282616
 -1.789001 -1.155446 -0.986370 -1.930831
 -1.633099 -1.032099 -1.526331 -1.464962
 -1.654558 -1.122800 -1.301737 -1.554017
 -2.392831 -0.805867 -1.228525 -1.776645
 -1.333103 -1.263509 -1.306434 -1.698827
 -1.264687 -1.408082 -1.257083 -1.668246
 -1.371715 -1.281201 -1.202639 -1.782457
 -1.859582 -1.134070 -1.108911 -1.647020
 -1.117570 -1.476298 -1.539923 -1.469472
 -1.288558 -1.368175 -1.639419 -1.288558
 -1.170508 -1.204846 -1.575973 -1.696925
 -1.787531 -1.159767 -1.447449 -1.259139
 -1.752325 -1.075308 -1.095842 -1.889291
 -1.803188 -0.843046 -1.608018 -1.586965
 -1.644989 -1.010682 -1.454762 -1.562751
 -2.417535 -0.790080 -1.306875 -1.679937
 -1.349571 -1.539614 -1.266574 -1.408994
 -1.267971 -1.354667 -1.582539 -1.366053
 -1.253503 -1.232989 -1.498913 -1.610918
 -1.572774 -1.140992 -1.433012 -1.450556
 -15.741219 -15.741219 -15.741219 -0.000000
 -15.764275 -15.764275 -15.764275 -0.000000
 -15.590464 -15.590464 -15.590464 -0.000001
 -15.620516 -15.620516 -15.620516 -0.000000
 -1.386294 -1.386294 -1.386294 -1.386294
 -1.386294 -1.386294 -1.386294 -1.386294
 -1.386294 -1.386294 -1.386294 -1.386294
 -2.459705 -0.657443 -1.235131 -2.248396
 -0.000001 -14.608505 -14.608505 -14.608505
 -0.000000 -16.410765 -16.410765 -16.410765
 -0.000000 -15.833077 -15.833077 -15.833077
 -0.000001 -14.819814 -14.819814 -14.819814
 -1.137648 -1.374760 -1.611761 -1.482843
 -1.386294 -1.386294 -1.386294 -1.386294
 -1.386294 -1.386294 -1.386294 -1.386294
 -1.386294 -1.386294 -1.386294 -1.386294
 -2.038089 -1.118101 -0.842485 -2.187620
 -1.513294 -0.937930 -1.555854 -1.729517
 -1.333452 -1.014998 -1.433922 -1.997611
 -2.423780 -0.941303 -1.143916 -1.595901
 -1.324601 -1.316090 -1.404644 -1.512064
 -1.261818 -1.343735 -1.265570 -1.749200
 -1.288165 -1.265892 -1.137883 -2.105874
 -1.682387 -1.241520 -1.059199 -1.723772
 -1.194217 -1.368801 -1.580450 -1.440688
 -1.417952 -1.256310 -1.576008 -1.323173
 -1.132962 -1.225856 -1.504727 -1.818076
 -1.936650 -1.243504 -1.409825 -1.129312
 -1.937214 -1.214214 -0.960180 -1.736543
 -1.636031 -1.116731 -1.380785 -1.484925
 -1.552378 -0.937874 -1.456305 -1.809713
 -2.467120 -0.908977 -1.140250 -1.647680
 -1.475298 -1.222803 -1.265003 -1.636566
 -1.285792 -1.390709 -1.269981 -1.640760
 -1.297126 -1.176714 -1.246307 -2.033864
 -1.873824 -1.174120 -1.000551 -1.773741
 -1.233954 -1.500129 -1.543615 -1.301395
 -1.295676 -1.422160 -1.516347 -1.325829
 -1.184803 -1.180592 -1.499571 -1.808676
 -1.945909 -1.221511 -1.309921 -1.229233
 -1.777287 -1.075557 -1.114777 -1.821347
 -1.831854 -0.960180 -1.426389 -1.528388
 -1.542144 -0.927388 -1.566242 -1.705597
 -2.187654 -0.837729 -1.300352 -1.699952
 -15.255346 -0.000001 -15.255346 -15.255346
 -16.118095 -0.000000 -16.118095 -16.118095
 -15.736836 -0.000001 -15.736836 -15.736836
 -15.386209 -0.000001 -15.386209 -15.386209
 -1.386294 -1.386294 -1.386294 -1.386294
 0.000000 -17.068209 -17.068209 -17.068209
 -1.386294 -1.386294 -1.386294 -1.386294
 -1.386294 -1.386294 -1.386294 -1.386294
 -17.068209 -17.068209 -0.000000 -17.068209
 -1.386294 -1.386294 -1.386294 -1.386294
 -1.386294 -1.386294 -1.386294 -1.386294
 -1.386294 -1.386294 -1.386294 -1.386294
 -1.386294 -1.386294 -1.386294 -1.386294
 -1.386294 -1.386294 -1.386294 -1.386294
 -1.367144 -1.160833 -1.316838 -1.808134
 -1.386294 -1.386294 -1.386294 -1.386294
 -1.192406 -1.428128 -1.507117 -1.447298
 -1.383828 -1.498537 -1.567135 -1.147958
 -1.116080 -1.156535 -1.712716 -1.728845
 -1.680285 -1.108091 -1.561097 -1.296143
 -1.735542 -1.193218 -0.991702 -1.900416
 -1.590958 -1.091464 -1.440840 -1.496929
 -1.579640 -0.905013 -1.543600 -1.738389
 -2.174444 -0.858109 -1.313724 -1.642228
