 -1.326236 0.000100 0.000100 0.000100
 -1.300659 0.000100 0.000100 0.000100
 -1.558488 0.000100 0.000100 0.000100
 -1.379440 0.000100 0.000100 0.000100
 -1.412543 -1.185153 -1.412543 -1.573810
 -1.145133 -1.356441 -1.417066 -1.704747
 -1.159238 -1.366876 -1.663141 -1.419520
 -1.877280 -1.019832 -1.317666 -1.520606
 -1.375599 -1.375599 -1.512174 -1.293921
 -1.293101 -1.345286 -1.586448 -1.345286
 -1.183000 -1.439719 -1.489730 -1.464412
 -1.504077 -1.292769 -1.292769 -1.475090
 -1.255357 -1.292398 -1.651772 -1.391489
 -1.293921 -1.419084 -1.441557 -1.397105
 -1.086637 -1.220168 -1.585627 -1.816150
 -2.068510 -1.178655 -1.215023 -1.312187
 -1.213023 -1.195005 -1.693995 -1.531476
 -1.361962 -1.381380 -1.506543 -1.305873
 -1.258698 -1.258698 -1.546379 -1.518981
 -1.803593 -1.670062 -1.008665 -1.264598
 -1.297463 -1.471816 -1.520606 -1.277661
 -1.120235 -1.446919 -1.704747 -1.359908
 -1.098613 -1.284330 -1.487270 -1.808853
 -1.637608 -1.529395 -1.082084 -1.386294
 -1.410987 -1.118318 -1.585340 -1.494368
 -1.188764 -1.791758 -1.421386 -1.247033
 -1.139435 -0.960094 -1.986730 -1.832580
 -1.324650 -1.464412 -1.221466 -1.569772
 -1.659448 -1.032551 -2.104132 -1.103503
 -1.287855 -1.649644 -1.575536 -1.123552
 -1.331235 -1.061572 -1.457986 -1.850027
 -1.548813 -1.548813 -0.980830 -1.609437
 -1.313022 -1.116312 -1.452784 -1.774367
 -1.295972 -2.045207 -1.565635 -0.946597
 -1.056816 -1.005523 -1.841769 -2.055342
 -1.191831 -1.818285 -1.032766 -1.725912
 -1.504077 -0.711840 -2.284233 -1.686398
 -1.687555 -1.687555 -2.445237 -0.609998
 -1.278664 -0.704577 -2.462430 -1.951607
 -1.349927 -1.237449 -1.349927 -1.653608
 -1.291516 -1.134331 -2.251289 -1.209838
 -1.968215 -2.140064 -2.427746 -0.424019
 -0.905710 -1.710080 -2.597374 -1.077560
 -1.221673 -1.485824 -1.335001 -1.533452
 -0.924707 -1.217094 -1.576467 -2.297011
 -1.119232 -1.812377 -1.379515 -1.352847
 -0.517585 -2.803348 -1.459625 -2.197219
 -0.991929 -2.532370 -0.797773 -2.309228
 -1.148093 -0.433440 -3.367287 -14.880222
 -0.888641 -0.760808 -2.107876 -13.883173
 -1.069012 -0.460607 -3.659264 -14.661381
 -1.866658 -0.549362 -1.316615 -13.785055
 -2.446682 -0.373515 -2.609200 -1.887068
 -2.177021 -2.282381 -2.687845 -0.333303
 -0.749240 -1.442383 -2.215564 -1.704745
 -1.386294 -1.386294 -1.386294 -1.386294
 -0.000003 -13.774693 -13.774693 -13.774693
 -0.000001 -14.590240 -14.590240 -14.590240
 -0.000006 -13.180640 -13.180640 -13.180640
 -0.000001 -15.099219 -15.099219 -15.099219
 -0.589990 -1.752644 -2.312260 -1.752644
 -1.386294 -1.386294 -1.386294 -1.386294
 -1.386294 -1.386294 -1.386294 -1.386294
 -1.386294 -1.386294 -1.386294 -1.386294
 -2.310055 -0.497679 -2.703097 -1.488077
 -1.252763 -1.225364 -2.003066 -1.252763
 -1.568615 -1.185625 -1.637607 -1.232144
 -2.197221 -1.098613 -1.225364 -1.339774
 -1.518466 -1.286665 -2.169049 -0.940390
 -1.145959 -1.403787 -1.672051 -1.392092
 -1.295781 -1.119891 -1.988924 -1.335001
 -1.940399 -1.138054 -1.306677 -1.327296
 -1.506783 -1.195005 -2.001478 -1.077222
 -1.252763 -1.123552 -1.945909 -1.401183
 -1.408113 -1.196805 -1.990033 -1.150285
 -1.931020 -1.021652 -1.560647 -1.255266
 -1.450010 -1.175574 -1.952100 -1.155771
 -1.613684 -1.215337 -1.592630 -1.201152
 -1.218572 -1.056054 -1.700408 -1.749198
 -2.107877 -1.255102 -1.207093 -1.222842
 -1.365816 -1.239064 -1.841238 -1.215534
 -1.709283 -1.409179 -1.613973 -0.979323
 -1.118031 -1.098613 -2.216639 -1.466337
 -1.955713 -1.164127 -1.538820 -1.103503
 -1.249584 -1.124421 -2.753653 -1.124421
 -1.745667 -1.093907 -1.830225 -1.108091
 -1.450833 -1.138459 -2.143976 -1.114361
 -2.393554 -0.853113 -1.882730 -1.107346
 -0.731467 -1.363989 -2.057133 -1.999975
 -1.157802 -1.470176 -1.207812 -1.850947
 -0.805627 -1.498772 -1.547562 -2.145395
 -1.286809 -1.186004 -1.172399 -2.218365
 -14.747676 -0.000001 -14.747676 -14.747676
 -14.446785 -0.000002 -14.446785 -14.446785
 -14.452089 -0.000002 -14.452089 -14.452089
 -13.774693 -0.000003 -13.774693 -13.774693
 -1.386294 -1.386294 -1.386294 -1.386294
 -0.000000 -15.799268 -15.799268 -15.799268
 -1.386294 -1.386294 -1.386294 -1.386294
 -1.386294 -1.386294 -1.386294 -1.386294
 -15.799268 -15.799268 -0.000000 -15.799268
 -1.386294 -1.386294 -1.386294 -1.386294
 -1.386294 -1.386294 -1.386294 -1.386294
 -1.386294 -1.386294 -1.386294 -1.386294
 -1.386294 -1.386294 -1.386294 -1.386294
 -1.386294 -1.386294 -1.386294 -1.386294
 -1.305723 -1.447263 -1.172826 -1.691087
 -1.386294 -1.386294 -1.386294 -1.386294
 -1.522003 -1.275871 -1.645617 -1.172330
 -1.428091 -1.403994 -1.675927 -1.116312
 -1.288966 -1.211408 -1.889739 -1.288966
 -2.125248 -1.091178 -1.184268 -1.432104
 -1.117305 -1.195776 -1.868719 -1.532248
 -1.410509 -1.167947 -1.704747 -1.335001
 -1.450373 -0.969402 -1.609437 -1.680896
 -1.855349 -1.047794 -1.523216 -1.291415
 -1.351568 0.000100 0.000100 0.000100
 -1.255433 0.000100 0.000100 0.000100
 -1.456773 0.000100 0.000100 0.000100
 -1.499569 0.000100 0.000100 0.000100
 -1.628473 -1.236142 -1.095127 -1.721650
 -1.503602 -1.101471 -1.414927 -1.597771
 -1.361015 -1.092040 -1.428281 -1.781725
 -2.286520 -0.924421 -1.185256 -1.629889
 -1.330414 -1.314883 -1.320033 -1.609438
 -1.312071 -1.300178 -1.326128 -1.646353
 -1.207315 -1.285919 -1.335001 -1.823581
 -1.917310 -1.118144 -1.179139 -1.520655
 -1.253119 -1.376372 -1.376372 -1.563501
 -1.369509 -1.271461 -1.456063 -1.460181
 -1.120702 -1.310155 -1.460835 -1.759514
 -1.925223 -1.008281 -1.356805 -1.461755
 -1.605984 -1.217910 -1.089656 -1.788995
 -1.487807 -1.128064 -1.378126 -1.617356
 -1.354732 -1.128126 -1.370756 -1.805273
 -2.084188 -0.974108 -1.232944 -1.576829
 -1.325386 -1.323734 -1.330357 -1.590729
 -1.331038 -1.316530 -1.310376 -1.619416
 -1.163982 -1.277679 -1.393028 -1.827879
 -1.989647 -1.079128 -1.149569 -1.577013
 -1.364532 -1.327718 -1.402753 -1.454578
 -1.347882 -1.272375 -1.473045 -1.466125
 -1.234765 -1.202086 -1.457050 -1.739500
 -1.834960 -1.049483 -1.379194 -1.433471
 -1.594971 -1.230428 -1.092076 -1.775499
 -1.484671 -1.118715 -1.424364 -1.579576
 -1.355729 -1.110798 -1.396184 -1.799358
 -2.108039 -0.943396 -1.252970 -1.591767
 -1.352951 -1.252543 -1.419877 -1.541767
 -1.289453 -1.328713 -1.347366 -1.610254
 -1.275310 -1.192023 -1.396179 -1.774854
 -1.843409 -1.082289 -1.307220 -1.459584
 -1.279567 -1.323196 -1.496906 -1.462148
 -1.361069 -1.294881 -1.468700 -1.429376
 -1.188369 -1.231181 -1.529041 -1.678836
 -1.945459 -1.016007 -1.394443 -1.398086
 -1.595871 -1.302884 -1.104380 -1.639356
 -1.507616 -1.080654 -1.412431 -1.631485
 -1.397019 -1.129508 -1.323140 -1.812922
 -2.095597 -0.949281 -1.193081 -1.678259
 -1.305766 -1.446694 -1.290902 -1.520212
 -1.286381 -1.371318 -1.247427 -1.699822
 -1.259300 -1.302786 -1.257063 -1.833297
 -1.901670 -1.112325 -1.179628 -1.539473
 -1.023513 -1.105043 -1.172885 -17.150568
 -1.152064 -0.932540 -1.236278 -17.209349
 -0.999427 -1.051079 -1.264611 -17.276234
 -1.611827 -0.729603 -1.144519 -16.857649
 -1.713544 -1.151691 -0.942043 -2.172945
 -1.394136 -1.034222 -1.227522 -2.268841
 -1.393594 -1.077029 -1.209036 -2.182784
 -1.386294 -1.386294 -1.386294 -1.386294
 0.000000 -17.036385 -17.036385 -17.036385
 0.000000 -17.438517 -17.438517 -17.438517
 0.000000 -17.399862 -17.399862 -17.399862
 -0.000000 -16.310368 -16.310368 -16.310368
 -1.281784 -1.358575 -1.433387 -1.483106
 -1.386294 -1.386294 -1.386294 -1.386294
 -1.386294 -1.386294 -1.386294 -1.386294
 -1.386294 -1.386294 -1.386294 -1.386294
 -1.665008 -1.321674 -0.883774 -2.033306
 -1.557705 -1.117782 -1.350379 -1.593393
 -1.342914 -1.145945 -1.321377 -1.869342
 -2.168954 -1.051929 -1.068022 -1.646351
 -1.362462 -1.209865 -1.380744 -1.638139
 -1.321756 -1.214125 -1.433873 -1.619590
 -1.203880 -1.249689 -1.303865 -1.952650
 -1.867802 -1.079030 -1.209869 -1.573223
 -1.385237 -1.374033 -1.403717 -1.382425
 -1.350913 -1.316741 -1.530689 -1.360227
 -1.216482 -1.183241 -1.541366 -1.696324
 -1.769020 -1.108663 -1.446044 -1.331806
 -1.650681 -1.274461 -1.044887 -1.732919
 -1.544464 -1.177310 -1.318358 -1.556404
 -1.341479 -1.109835 -1.378750 -1.851289
 -2.238427 -0.937847 -1.166355 -1.658609
 -1.345136 -1.254398 -1.394733 -1.578185
 -1.381587 -1.298913 -1.348976 -1.530228
 -1.237136 -1.218347 -1.384461 -1.810278
 -1.835635 -1.077376 -1.207230 -1.604572
 -1.327798 -1.336097 -1.341668 -1.557506
 -1.319534 -1.410834 -1.433735 -1.384761
 -1.185059 -1.247944 -1.529236 -1.658228
 -1.739222 -1.095850 -1.377573 -1.435915
 -1.745366 -1.160919 -1.031437 -1.859655
 -1.705725 -1.028839 -1.415358 -1.522806
 -1.448138 -1.093379 -1.349498 -1.768787
 -2.091295 -0.882728 -1.335977 -1.609844
 -16.805727 -0.000000 -16.805727 -16.805727
 -17.480865 0.000000 -17.480865 -17.480865
 -17.251431 0.000000 -17.251431 -17.251431
 -16.842257 0.000000 -16.842257 -16.842257
 -1.386294 -1.386294 -1.386294 -1.386294
 0.000000 -18.521883 -18.521883 -18.521883
 -1.386294 -1.386294 -1.386294 -1.386294
 -1.386294 -1.386294 -1.386294 -1.386294
 -18.521883 -18.521883 0.000000 -18.521883
 -1.386294 -1.386294 -1.386294 -1.386294
 -1.386294 -1.386294 -1.386294 -1.386294
 -1.386294 -1.386294 -1.386294 -1.386294
 -1.386294 -1.386294 -1.386294 -1.386294
 -1.386294 -1.386294 -1.386294 -1.386294
 -1.283739 -1.148171 -1.404995 -1.829986
 -1.386294 -1.386294 -1.386294 -1.386294
 -1.297979 -1.426573 -1.362119 -1.466772
 -1.320688 -1.324966 -1.532688 -1.381179
 -1.118702 -1.257563 -1.585779 -1.691939
 -1.697730 -1.045405 -1.492594 -1.424772
 -1.546491 -1.265910 -1.156875 -1.657809
 -1.478152 -1.184053 -1.417107 -1.498384
 -1.341668 -1.136137 -1.419672 -1.738746
 -2.119998 -0.952099 -1.276492 -1.537006
