 -1.306445 0.000100 0.000100 0.000100
 -1.278921 0.000100 0.000100 0.000100
 -1.535420 0.000100 0.000100 0.000100
 -1.445975 0.000100 0.000100 0.000100
 -1.243504 -1.293101 -1.243504 -1.904901
 -1.135483 -1.303818 -1.526961 -1.660493
 -1.190420 -1.014530 -1.586315 -2.050619
 -1.898903 -0.954443 -1.299283 -1.647589
 -0.930476 -1.647720 -1.927304 -1.318241
 -0.938270 -1.439045 -1.895802 -1.508038
 -0.987656 -1.307823 -1.516914 -1.982276
 -1.938361 -0.970780 -1.417066 -1.448815
 -0.934640 -1.855570 -1.539233 -1.442384
 -1.143733 -1.347828 -2.227075 -1.159237
 -0.810931 -1.568615 -1.925289 -1.602517
 -2.839071 -1.380463 -1.209838 -0.936972
 -14.719730 -14.719730 -0.000001 -14.719730
 -14.340241 -14.340241 -0.000002 -14.340241
 -14.240781 -14.240781 -0.000002 -14.240781
 -14.626443 -14.626443 -0.000001 -14.626443
 -1.386294 -1.386294 -1.386294 -1.386294
 -1.386294 -1.386294 -1.386294 -1.386294
 -15.887424 -15.887424 -0.000000 -15.887424
 -1.386294 -1.386294 -1.386294 -1.386294
 -1.386294 -1.386294 -1.386294 -1.386294
 -1.386294 -1.386294 -1.386294 -1.386294
 -15.887424 -15.887424 -15.887424 -0.000000
 -1.386294 -1.386294 -1.386294 -1.386294
 -1.386294 -1.386294 -1.386294 -1.386294
 -1.386294 -1.386294 -1.386294 -1.386294
 -1.386294 -1.386294 -1.386294 -1.386294
 -0.000000 -15.887424 -15.887424 -15.887424
 -1.093587 -1.315791 -2.582738 -1.135820
 -1.386294 -1.386294 -1.386294 -1.386294
 -1.386294 -1.386294 -1.386294 -1.386294
 -1.386294 -1.386294 -1.386294 -1.386294
 -14.793839 -14.793839 -0.000001 -14.793839
 -14.571634 -14.571634 -0.000001 -14.571634
 -13.304691 -13.304691 -0.000005 -13.304691
 -14.751605 -14.751605 -0.000001 -14.751605
 -1.386294 -1.386294 -1.386294 -1.386294
 -1.386294 -1.386294 -1.386294 -1.386294
 -15.887424 -15.887424 -15.887424 -0.000000
 -1.386294 -1.386294 -1.386294 -1.386294
 -1.386294 -1.386294 -1.386294 -1.386294
 -1.386294 -1.386294 -1.386294 -1.386294
 -1.386294 -1.386294 -1.386294 -1.386294
 -1.577217 -0.726441 -1.171752 -15.887424
 -1.338666 -1.092534 -1.732570 -1.488948
 -1.496295 -1.531802 -1.496295 -1.090830
 -1.187844 -1.228666 -1.573506 -1.634130
 -1.386294 -1.386294 -1.386294 -1.386294
 -1.159237 -1.207246 -2.427745 -1.207246
 -1.203973 -1.252763 -1.791759 -1.395864
 -1.141696 -1.240787 -2.339395 -1.220168
 -1.839615 -0.971528 -1.782456 -1.222842
 -1.494775 -1.207093 -1.376992 -1.494775
 -1.496109 -1.114742 -1.671313 -1.347074
 -1.043043 -1.098613 -1.518466 -2.351369
 -2.120262 -1.153421 -1.226446 -1.305227
 -1.597603 -1.273817 -1.597603 -1.153673
 -1.504077 -1.122710 -1.578185 -1.402295
 -1.136151 -1.103890 -1.879727 -1.636106
 -2.123891 -1.120592 -1.283110 -1.283110
 -1.506922 0.000100 0.000100 0.000100
 -1.200192 0.000100 0.000100 0.000100
 -1.299283 0.000100 0.000100 0.000100
 -1.586965 0.000100 0.000100 0.000100
 -1.466336 -1.178657 -1.360977 -1.584118
 -2.360842 -1.137080 -1.262242 -1.197704
 -1.232145 -1.473305 -1.098614 -1.925285
 -2.484884 -1.386294 -1.098615 -1.098615
 -2.740803 -1.354546 -0.600781 -2.047681
 -1.812374 -1.812374 -1.493924 -0.800781
 -1.667704 -1.572395 -1.262243 -1.137080
 -1.458614 -1.681755 -1.122145 -1.363305
 -1.455286 -1.321757 -1.203975 -1.609434
 -1.945902 -1.609435 -1.252764 -0.990402
 -1.740463 -1.403994 -1.740463 -0.907560
 -1.591087 -1.504076 -1.155772 -1.349927
 -12.706860 -12.706860 -0.000009 -12.706860
 -12.923923 -12.923923 -0.000007 -12.923923
 -13.038990 -13.038990 -0.000006 -13.038990
 -13.235700 -13.235700 -0.000005 -13.235700
 -1.386294 -1.386294 -1.386294 -1.386294
 -1.386294 -1.386294 -1.386294 -1.386294
 -14.380827 -14.380827 -0.000002 -14.380827
 -1.386294 -1.386294 -1.386294 -1.386294
 -1.386294 -1.386294 -1.386294 -1.386294
 -1.386294 -1.386294 -1.386294 -1.386294
 -14.380827 -14.380827 -14.380827 -0.000002
 -1.386294 -1.386294 -1.386294 -1.386294
 -1.386294 -1.386294 -1.386294 -1.386294
 -1.386294 -1.386294 -1.386294 -1.386294
 -1.386294 -1.386294 -1.386294 -1.386294
 -0.000002 -14.380827 -14.380827 -14.380827
 -1.769286 -1.127433 -1.644123 -1.163151
 -1.386294 -1.386294 -1.386294 -1.386294
 -1.386294 -1.386294 -1.386294 -1.386294
 -1.386294 -1.386294 -1.386294 -1.386294
 -12.611551 -12.611551 -0.000010 -12.611551
 -13.253399 -13.253399 -0.000005 -13.253399
 -12.736712 -12.736712 -0.000009 -12.736712
 -13.217681 -13.217681 -0.000005 -13.217681
 -1.386294 -1.386294 -1.386294 -1.386294
 -1.386294 -1.386294 -1.386294 -1.386294
 -14.380827 -14.380827 -14.380827 -0.000002
 -1.386294 -1.386294 -1.386294 -1.386294
 -1.386294 -1.386294 -1.386294 -1.386294
 -1.386294 -1.386294 -1.386294 -1.386294
 -1.386294 -1.386294 -1.386294 -1.386294
 -1.163151 -1.027350 -1.110042 -14.380827
 -1.704745 -0.640041 -1.927886 -1.927886
 -1.658226 -1.658226 -1.147404 -1.198697
 -1.421385 -1.227231 -1.064713 -2.114525
 -1.386294 -1.386294 -1.386294 -1.386294
 -1.637606 -1.280935 -1.098615 -1.637606
 -1.495493 -0.841570 -1.757855 -1.757855
 -1.386294 -1.306252 -1.232145 -1.673974
 -1.734596 -1.041457 -1.128468 -1.916914
 -1.845821 -1.335002 -1.152682 -1.335002
 -2.014897 -1.149907 -1.321756 -1.261132
 -1.365241 -1.285199 -1.285199 -1.652920
 -1.824542 -1.131405 -1.236764 -1.488076
 -1.642224 -0.869043 -2.047681 -1.354546
 -1.553347 -1.312187 -1.553347 -1.178656
 -1.832577 -1.347074 -1.078812 -1.427116
 -1.563974 -2.374890 -1.122145 -0.988614
