 -1.386294 0.000100 0.000100 0.000100
 -1.449353 0.000100 0.000100 0.000100
 -1.369765 0.000100 0.000100 0.000100
 -1.342809 0.000100 0.000100 0.000100
 -1.364316 -1.261131 -1.386294 -1.555370
 -1.258698 -1.217876 -2.038854 -1.238079
 -1.019832 -1.220502 -1.913648 -1.625967
 -2.058386 -0.829724 -1.770705 -1.324419
 -1.207603 -1.501364 -1.263692 -1.631416
 -1.191394 -1.390523 -1.683870 -1.340926
 -0.865991 -1.402295 -1.370546 -2.533690
 -2.108767 -0.948600 -1.164308 -1.719303
 -1.333013 -1.260254 -1.098613 -2.125249
 -1.098613 -1.161133 -1.574695 -1.920970
 -1.160956 -1.076873 -1.566420 -1.985129
 -1.715597 -0.840131 -1.567178 -1.715597
 -1.128918 -0.985817 -14.513647 -1.192431
 -0.984988 -1.280105 -14.695139 -1.053981
 -0.874327 -0.916292 -14.375129 -1.699049
 -1.499234 -1.023812 -13.845074 -0.873530
 -14.735795 -14.735795 -0.000001 -14.735795
 -14.727795 -14.727795 -0.000001 -14.727795
 -1.386294 -1.386294 -1.386294 -1.386294
 -14.603970 -14.603970 -0.000001 -14.603970
 -1.386294 -1.386294 -1.386294 -1.386294
 -1.386294 -1.386294 -1.386294 -1.386294
 -15.789592 -15.789592 -15.789592 -0.000000
 -1.386294 -1.386294 -1.386294 -1.386294
 -1.386294 -1.386294 -1.386294 -1.386294
 -1.386294 -1.386294 -1.386294 -1.386294
 -1.386294 -1.386294 -1.386294 -1.386294
 -0.000001 -15.789593 -15.789593 -15.789593
 -15.789592 -0.750306 -2.014903 -0.930277
 -1.386294 -1.386294 -1.386294 -1.386294
 -1.386294 -1.386294 -1.386294 -1.386294
 -1.386294 -1.386294 -1.386294 -1.386294
 -1.386294 -1.386294 -1.386294 -1.386294
 -15.039288 -15.039288 -0.000001 -15.039288
 -13.774693 -13.774693 -0.000003 -13.774693
 -14.859316 -14.859316 -0.000001 -14.859316
 -1.386294 -1.386294 -1.386294 -1.386294
 -1.386294 -1.386294 -1.386294 -1.386294
 -15.789592 -15.789592 -15.789592 -0.000000
 -1.386294 -1.386294 -1.386294 -1.386294
 -1.386294 -1.386294 -1.386294 -1.386294
 -1.386294 -1.386294 -1.386294 -1.386294
 -1.386294 -1.386294 -1.386294 -1.386294
 -1.954278 -1.132514 -1.609438 -1.090314
 -2.140062 -1.128466 -1.852382 -0.911402
 -1.495493 -1.090029 -2.079440 -1.156278
 -1.535826 -0.909371 -1.834317 -1.504077
 -2.270060 -1.212272 -1.254831 -1.158205
 -1.321756 -1.203973 -2.708041 -1.003303
 -1.250691 -1.042146 -2.440271 -1.295142
 -1.135792 -1.069834 -2.355027 -1.423473
 -2.070471 -1.071945 -1.906169 -0.960027
 -1.464412 -0.948600 -1.857453 -1.489730
 -1.668526 -0.824340 -1.913648 -1.489835
 -1.098614 -0.820983 -2.525717 -1.919589
 -2.210468 -1.010506 -1.422012 -1.254959
 -1.734600 -1.041455 -1.734600 -1.223776
 -1.738055 -0.735408 -2.032293 -1.542746
 -1.562184 -0.928462 -1.729238 -1.524444
 -2.091274 -0.831734 -1.639290 -1.398129
 -1.460703 0.000100 0.000100 0.000100
 -1.400740 0.000100 0.000100 0.000100
 -1.066538 0.000100 0.000100 0.000100
 -1.729832 0.000100 0.000100 0.000100
 -1.289963 -1.331636 -1.518222 -1.420583
 -1.290504 -1.271455 -1.604160 -1.413106
 -1.169230 -1.285490 -1.448815 -1.725801
 -1.386294 -1.693778 -1.386294 -1.151455
 -1.768979 -1.236763 -1.075833 -1.618697
 -1.854279 -0.997808 -1.504077 -1.376244
 -1.719303 -0.963638 -1.439719 -1.597943
 -2.142861 -1.255560 -0.953280 -1.549799
 -1.568615 -1.529395 -1.003303 -1.568615
 -1.242930 -1.439045 -1.056053 -2.067652
 -1.440361 -1.209838 -1.138887 -1.932837
 -1.744691 -1.261840 -1.160745 -1.474401
 -0.665899 -1.701989 -14.408839 -1.191164
 -0.921279 -1.542104 -14.513647 -0.946597
 -0.736892 -1.300581 -14.759418 -1.390193
 -1.633154 -0.741158 -14.062374 -1.114361
 -14.981783 -14.981783 -0.000001 -14.981783
 -14.543061 -14.543061 -0.000001 -14.543061
 -1.386294 -1.386294 -1.386294 -1.386294
 -14.686806 -14.686806 -0.000001 -14.686806
 -1.386294 -1.386294 -1.386294 -1.386294
 -1.386294 -1.386294 -1.386294 -1.386294
 -15.852828 -15.852828 -15.852828 -0.000000
 -1.386294 -1.386294 -1.386294 -1.386294
 -1.386294 -1.386294 -1.386294 -1.386294
 -1.386294 -1.386294 -1.386294 -1.386294
 -1.386294 -1.386294 -1.386294 -1.386294
 -0.000000 -15.852828 -15.852828 -15.852828
 -15.852828 -0.776019 -1.798299 -0.983005
 -1.386294 -1.386294 -1.386294 -1.386294
 -1.386294 -1.386294 -1.386294 -1.386294
 -1.386294 -1.386294 -1.386294 -1.386294
 -1.386294 -1.386294 -1.386294 -1.386294
 -15.076810 -15.076810 -0.000001 -15.076810
 -14.054531 -14.054531 -0.000002 -14.054531
 -14.869824 -14.869824 -0.000001 -14.869824
 -1.386294 -1.386294 -1.386294 -1.386294
 -1.386294 -1.386294 -1.386294 -1.386294
 -15.852828 -15.852828 -15.852828 -0.000000
 -1.386294 -1.386294 -1.386294 -1.386294
 -1.386294 -1.386294 -1.386294 -1.386294
 -1.386294 -1.386294 -1.386294 -1.386294
 -1.386294 -1.386294 -1.386294 -1.386294
 -1.774952 -1.022086 -1.285901 -1.638540
 -2.302580 -1.083346 -1.284016 -1.256617
 -1.316336 -1.493266 -1.143064 -1.669157
 -1.595386 -1.229452 -1.229452 -1.549923
 -2.295892 -1.448598 -0.784440 -1.569959
 -1.192545 -1.287855 -1.609437 -1.510998
 -1.529016 -1.252763 -1.575536 -1.235669
 -1.206601 -1.645514 -1.442990 -1.303228
 -1.550597 -1.277304 -1.417066 -1.321756
 -1.766943 -1.342061 -1.002846 -1.604425
 -1.930484 -1.088303 -1.501490 -1.219639
 -1.403994 -1.116312 -1.675927 -1.428091
 -2.060022 -1.041454 -1.240583 -1.467972
 -1.535329 -1.284016 -1.229949 -1.535329
 -1.281751 -1.863671 -1.183770 -1.342375
 -1.461518 -1.461518 -1.001986 -1.777370
 -1.636836 -1.250064 -1.159913 -1.582769
