 -1.376790 0.000100 0.000100 0.000100
 -1.382210 0.000100 0.000100 0.000100
 -1.366037 0.000100 0.000100 0.000100
 -1.420996 0.000100 0.000100 0.000100
 -1.269112 -1.231372 -1.556794 -1.531476
 -1.171885 -1.343735 -1.749199 -1.364788
 -0.861662 -1.242125 -2.235373 -1.704747
 -1.998094 -1.133099 -1.369487 -1.244324
 -1.386294 -1.424761 -1.296143 -1.444563
 -1.234158 -1.532650 -1.300849 -1.511144
 -1.105993 -1.151455 -1.249094 -2.715422
 -1.889396 -1.036621 -1.140162 -1.746296
 -1.419084 -1.293921 -1.182696 -1.729238
 -1.192431 -1.260254 -1.665718 -1.496642
 -1.016375 -1.188225 -1.435084 -2.351372
 -1.821611 -1.223776 -1.223776 -1.386294
 -1.143733 -1.223776 -14.528462 -0.948673
 -1.151894 -1.349253 -14.566929 -0.856777
 -0.986250 -1.195005 -14.430698 -1.126012
 -2.317848 -0.970780 -14.093145 -0.648697
 -14.576319 -14.576319 -0.000001 -14.576319
 -14.608505 -14.608505 -0.000001 -14.608505
 -1.386294 -1.386294 -1.386294 -1.386294
 -14.907435 -14.907435 -0.000001 -14.907435
 -1.386294 -1.386294 -1.386294 -1.386294
 -1.386294 -1.386294 -1.386294 -1.386294
 -15.807487 -15.807487 -15.807487 -0.000000
 -1.386294 -1.386294 -1.386294 -1.386294
 -1.386294 -1.386294 -1.386294 -1.386294
 -1.386294 -1.386294 -1.386294 -1.386294
 -1.386294 -1.386294 -1.386294 -1.386294
 -0.000000 -15.807487 -15.807487 -15.807487
 -0.000000 -15.807487 -15.807487 -15.807487
 -1.386294 -1.386294 -1.386294 -1.386294
 -1.386294 -1.386294 -1.386294 -1.386294
 -1.386294 -1.386294 -1.386294 -1.386294
 -15.807487 -15.807487 -0.000000 -15.807487
 -1.386294 -1.386294 -1.386294 -1.386294
 -1.386294 -1.386294 -1.386294 -1.386294
 -1.386294 -1.386294 -1.386294 -1.386294
 -1.386294 -1.386294 -1.386294 -1.386294
 -1.386294 -1.386294 -1.386294 -1.386294
 -15.807487 -15.807487 -15.807487 -0.000000
 -1.386294 -1.386294 -1.386294 -1.386294
 -1.386294 -1.386294 -1.386294 -1.386294
 -1.386294 -1.386294 -1.386294 -1.386294
 -1.386294 -1.386294 -1.386294 -1.386294
 -2.012178 -0.980375 -1.768832 -1.137560
 -1.406914 -1.183771 -2.282377 -1.058608
 -1.260062 -1.368276 -1.522426 -1.412078
 -1.362578 -1.067114 -1.737270 -1.496109
 -2.058387 -1.269931 -1.155521 -1.285198
 -1.386294 -1.208046 -2.266650 -1.056816
 -1.231461 -1.152680 -2.703272 -1.122827
 -1.261840 -1.001115 -2.167546 -1.448426
 -2.176813 -1.140724 -1.578978 -1.019364
 -1.478102 -1.098613 -1.707675 -1.357474
 -1.580450 -1.077822 -1.688080 -1.313388
 -1.280934 -0.888893 -1.666595 -2.101910
 -1.989584 -0.989414 -1.429969 -1.377784
 -1.644529 -0.916292 -1.932209 -1.339148
 -1.542993 -1.035746 -1.904782 -1.264280
 -1.531476 -1.085190 -1.906168 -1.213023
 -2.046287 -0.933289 -1.747795 -1.192800
 -1.555370 0.000100 0.000100 0.000100
 -1.504077 0.000100 0.000100 0.000100
 -1.203974 0.000100 0.000100 0.000100
 -1.321756 0.000100 0.000100 0.000100
 -1.152684 -1.558141 -1.152684 -1.845814
 -1.203976 -1.203976 -1.609433 -1.609433
 -1.349927 -1.216398 -1.216398 -1.909532
 -2.079425 -1.232146 -1.098616 -1.386294
 -1.145136 -1.145136 -1.145136 -3.090961
 -1.272967 -2.120246 -1.427116 -1.021656
 -1.466336 -1.060876 -1.312187 -1.871793
 -2.140040 -1.041461 -0.887312 -2.140040
 -2.397863 -1.704741 -0.693156 -1.481603
 -1.272967 -1.609434 -1.021656 -1.832572
 -1.909532 -0.993257 -1.349927 -1.504076
 -1.386294 -1.673968 -0.826689 -2.079417
 -0.753783 -2.140040 -12.043577 -0.887312
 -0.788465 -1.011607 -12.301401 -1.704741
 -1.128468 -1.128468 -12.736712 -1.041457
 -2.140040 -0.887312 -12.043577 -0.753783
 -12.644341 -12.644341 -0.000010 -12.644341
 -12.542559 -12.542559 -0.000011 -12.542559
 -1.386294 -1.386294 -1.386294 -1.386294
 -12.644341 -12.644341 -0.000010 -12.644341
 -1.386294 -1.386294 -1.386294 -1.386294
 -1.386294 -1.386294 -1.386294 -1.386294
 -13.710155 -13.710155 -13.710155 -0.000003
 -1.386294 -1.386294 -1.386294 -1.386294
 -1.386294 -1.386294 -1.386294 -1.386294
 -1.386294 -1.386294 -1.386294 -1.386294
 -1.386294 -1.386294 -1.386294 -1.386294
 -0.000003 -13.710155 -13.710155 -13.710155
 -0.000003 -13.710155 -13.710155 -13.710155
 -1.386294 -1.386294 -1.386294 -1.386294
 -1.386294 -1.386294 -1.386294 -1.386294
 -1.386294 -1.386294 -1.386294 -1.386294
 -13.710155 -13.710155 -0.000003 -13.710155
 -1.386294 -1.386294 -1.386294 -1.386294
 -1.386294 -1.386294 -1.386294 -1.386294
 -1.386294 -1.386294 -1.386294 -1.386294
 -1.386294 -1.386294 -1.386294 -1.386294
 -1.386294 -1.386294 -1.386294 -1.386294
 -13.710155 -13.710155 -13.710155 -0.000003
 -1.386294 -1.386294 -1.386294 -1.386294
 -1.386294 -1.386294 -1.386294 -1.386294
 -1.386294 -1.386294 -1.386294 -1.386294
 -1.386294 -1.386294 -1.386294 -1.386294
 -1.860750 -1.280934 -1.203974 -1.321756
 -1.252767 -1.945889 -1.540440 -1.029628
 -1.427116 -1.609434 -1.272967 -1.272967
 -1.909532 -1.349927 -1.098616 -1.349927
 -2.079425 -0.980835 -1.098616 -1.791751
 -1.041461 -1.734591 -1.446918 -1.446918
 -1.526054 -2.036866 -1.343735 -0.938276
 -1.216398 -2.197206 -1.216398 -1.216398
 -1.526054 -1.526054 -1.189587 -1.343735
 -2.484873 -1.232146 -1.098616 -1.232146
 -1.252767 -1.540440 -1.252767 -1.540440
 -1.832572 -1.427116 -1.832572 -0.820987
 -1.909532 -1.216398 -0.897947 -1.909532
 -1.945889 -0.847310 -1.029628 -2.638986
 -1.568613 -0.980835 -1.386294 -1.791751
 -1.349927 -1.504076 -1.216398 -1.504076
 -1.609434 -2.120246 -0.916297 -1.272967
