 -1.224432 0.000100 0.000100 0.000100
 -1.159545 0.000100 0.000100 0.000100
 -1.757858 0.000100 0.000100 0.000100
 -1.513978 0.000100 0.000100 0.000100
 -1.217094 -1.426186 -1.255560 -1.721649
 -1.018168 -1.174736 -1.696925 -1.920067
 -0.965082 -1.070442 -2.089007 -1.881369
 -2.332886 -0.786967 -1.371479 -1.639742
 -0.930680 -1.314639 -1.527200 -2.120261
 -0.804669 -1.215768 -1.997466 -2.115249
 -0.641856 -1.279432 -1.754854 -3.791707
 -1.734599 -1.014056 -1.292769 -1.680533
 -0.614983 -2.071342 -1.744131 -1.841769
 -0.607991 -1.934859 -2.148432 -1.637608
 -0.449527 -1.709067 -2.268679 -2.556358
 -2.007463 -1.069200 -1.496642 -1.208961
 -2.382095 -2.613896 -0.298355 -2.382095
 -1.976060 -2.050167 -0.589771 -1.724747
 -1.466337 -2.112959 -0.682220 -1.945907
 -2.842957 -2.236829 -0.344272 -2.069776
 -13.458841 -13.458841 -0.000004 -13.458841
 -13.270790 -13.270790 -0.000005 -13.270790
 -15.221608 -15.221608 -0.000001 -15.221608
 -13.500805 -13.500805 -0.000004 -13.500805
 -1.386294 -1.386294 -1.386294 -1.386294
 -1.386294 -1.386294 -1.386294 -1.386294
 -15.622159 -15.622159 -15.622159 -0.000000
 -1.386294 -1.386294 -1.386294 -1.386294
 -1.386294 -1.386294 -1.386294 -1.386294
 -1.386294 -1.386294 -1.386294 -1.386294
 -1.386294 -1.386294 -1.386294 -1.386294
 -15.622159 -0.978096 -15.622159 -0.471647
 -1.386294 -1.386294 -1.386294 -1.386294
 -0.470878 -1.562521 -2.437986 -2.543346
 -1.386294 -1.386294 -1.386294 -1.386294
 -1.440361 -0.916291 -1.932837 -1.521330
 -14.661381 -14.661381 -0.000001 -14.661381
 -14.508659 -14.508659 -0.000002 -14.508659
 -13.527834 -13.527834 -0.000004 -13.527834
 -13.825465 -13.825465 -0.000003 -13.825465
 -1.386294 -1.386294 -1.386294 -1.386294
 -1.386294 -1.386294 -1.386294 -1.386294
 -15.622159 -15.622159 -15.622159 -0.000000
 -1.386294 -1.386294 -1.386294 -1.386294
 -1.386294 -1.386294 -1.386294 -1.386294
 -1.386294 -1.386294 -1.386294 -1.386294
 -1.386294 -1.386294 -1.386294 -1.386294
 -1.868523 -0.995718 -1.816698 -1.159545
 -1.547562 -1.109309 -2.346063 -1.016936
 -1.408767 -1.373049 -1.609437 -1.196593
 -1.262916 -1.504077 -1.599387 -1.227825
 -2.207748 -0.961815 -1.514603 -1.244941
 -1.323774 -1.059082 -2.740831 -1.131403
 -1.359339 -1.166435 -2.164961 -1.149044
 -1.575536 -0.659247 -2.268679 -1.757856
 -1.967648 -1.066864 -1.791758 -1.051360
 -1.776491 -0.916292 -1.923093 -1.256617
 -1.583004 -0.806477 -2.079440 -1.499623
 -1.878767 -0.639083 -1.711715 -1.974077
 -2.213751 -0.778670 -1.471816 -1.598568
 -1.887067 -1.011602 -1.956059 -1.068760
 -1.975541 -0.671486 -2.211929 -1.423473
 -1.406097 -0.961413 -2.227072 -1.329136
 -1.902106 -0.803497 -2.125248 -1.260254
 -1.434616 0.000100 0.000100 0.000100
 -1.367389 0.000100 0.000100 0.000100
 -1.232710 0.000100 0.000100 0.000100
 -1.534700 0.000100 0.000100 0.000100
 -1.312726 -1.388565 -1.304335 -1.560036
 -1.634484 -1.072800 -1.544458 -1.388417
 -1.393112 -1.241096 -1.425985 -1.503460
 -2.182299 -0.928478 -1.400598 -1.403994
 -1.755636 -1.166750 -1.052637 -1.790904
 -1.468809 -1.203024 -1.298524 -1.626680
 -1.537723 -1.232888 -1.309747 -1.497039
 -2.245859 -0.941908 -1.177100 -1.629085
 -1.482963 -1.314267 -1.437026 -1.321513
 -1.346729 -1.359744 -1.408971 -1.432174
 -1.452860 -1.317059 -1.281420 -1.511701
 -1.814898 -1.118946 -1.260109 -1.483253
 -1.145699 -1.476700 -1.728014 -1.287458
 -1.343517 -1.248207 -1.751485 -1.278198
 -1.104153 -1.329904 -1.732761 -1.481881
 -2.451920 -1.028705 -1.414117 -1.160715
 -16.450274 -16.450274 -0.000000 -16.450274
 -16.575521 -16.575521 -0.000000 -16.575521
 -16.181070 -16.181070 -0.000000 -16.181070
 -16.533512 -16.533512 -0.000000 -16.533512
 -1.386294 -1.386294 -1.386294 -1.386294
 -1.386294 -1.386294 -1.386294 -1.386294
 -17.832615 -17.832615 -17.832615 -0.000000
 -1.386294 -1.386294 -1.386294 -1.386294
 -1.386294 -1.386294 -1.386294 -1.386294
 -1.386294 -1.386294 -1.386294 -1.386294
 -1.386294 -1.386294 -1.386294 -1.386294
 -17.832615 -0.587643 -17.832615 -0.811110
 -1.386294 -1.386294 -1.386294 -1.386294
 -1.792408 -1.241165 -1.208086 -1.403948
 -1.386294 -1.386294 -1.386294 -1.386294
 -2.754917 -1.188427 -1.039228 -1.280286
 -15.719110 -15.719110 -0.000000 -15.719110
 -16.615229 -16.615229 -0.000000 -16.615229
 -16.703100 -16.703100 -0.000000 -16.703100
 -16.485514 -16.485514 -0.000000 -16.485514
 -1.386294 -1.386294 -1.386294 -1.386294
 -1.386294 -1.386294 -1.386294 -1.386294
 -17.832615 -17.832615 -17.832615 -0.000000
 -1.386294 -1.386294 -1.386294 -1.386294
 -1.386294 -1.386294 -1.386294 -1.386294
 -1.386294 -1.386294 -1.386294 -1.386294
 -1.386294 -1.386294 -1.386294 -1.386294
 -2.062658 -0.991327 -1.246391 -1.540565
 -1.503369 -1.161453 -1.755594 -1.231739
 -1.322848 -1.461336 -1.331997 -1.436541
 -1.386921 -1.585922 -1.129775 -1.503764
 -1.940045 -1.220922 -1.173626 -1.377926
 -1.328440 -1.307941 -1.444375 -1.474732
 -1.425544 -1.264083 -1.582216 -1.303407
 -1.270664 -1.245691 -1.587108 -1.482379
 -2.004593 -1.004043 -1.353528 -1.424775
 -1.587138 -1.259395 -1.131013 -1.666230
 -1.630555 -1.268710 -1.258151 -1.432104
 -1.471417 -1.264431 -1.427116 -1.394327
 -2.185381 -1.196308 -1.049929 -1.446919
 -1.529171 -1.391165 -1.349094 -1.290896
 -1.403367 -1.416204 -1.313172 -1.416204
 -1.281777 -1.413760 -1.237231 -1.665782
 -1.969835 -1.208448 -1.127391 -1.435557
