 -1.211769 0.000100 0.000100 0.000100
 -1.402824 0.000100 0.000100 0.000100
 -1.479364 0.000100 0.000100 0.000100
 -1.475583 0.000100 0.000100 0.000100
 -1.180106 -1.436825 -1.279196 -1.732670
 -1.198142 -1.389809 -1.447796 -1.541615
 -0.921989 -1.313269 -1.791759 -1.791759
 -1.916167 -1.248997 -1.102393 -1.452595
 -1.163151 -1.398271 -1.328475 -1.739573
 -1.088662 -1.413323 -1.347074 -1.832581
 -0.781701 -1.382910 -1.559841 -2.508919
 -1.645155 -0.963438 -1.497520 -1.600704
 -0.896998 -1.875705 -1.622510 -1.420644
 -1.095463 -1.554209 -1.664557 -1.328085
 -0.565886 -1.645805 -2.138280 -2.108428
 -1.710413 -1.205858 -1.592630 -1.150799
 -2.057653 -1.687280 -0.715420 -1.618287
 -1.644375 -1.737466 -1.094330 -1.216932
 -1.133356 -1.921811 -0.812151 -2.432635
 -2.255042 -1.758607 -0.645607 -1.616956
 -14.493546 -14.493546 -0.000002 -14.493546
 -14.513647 -14.513647 -0.000001 -14.513647
 -15.485104 -15.485104 -0.000001 -15.485104
 -14.648421 -14.648421 -0.000001 -14.648421
 -1.386294 -1.386294 -1.386294 -1.386294
 -1.386294 -1.386294 -1.386294 -1.386294
 -16.265654 -16.265654 -16.265654 -0.000000
 -1.386294 -1.386294 -1.386294 -1.386294
 -1.386294 -1.386294 -1.386294 -1.386294
 -1.386294 -1.386294 -1.386294 -1.386294
 -1.386294 -1.386294 -1.386294 -1.386294
 -16.265654 -16.265654 -0.000000 -16.265654
 -1.386294 -1.386294 -1.386294 -1.386294
 -1.386294 -1.386294 -1.386294 -1.386294
 -0.349674 -1.694021 -2.850619 -2.928177
 -1.386294 -1.386294 -1.386294 -1.386294
 -15.915980 -15.915980 -0.000000 -15.915980
 -14.571634 -14.571634 -0.000001 -14.571634
 -13.415039 -13.415039 -0.000004 -13.415039
 -13.337481 -13.337481 -0.000005 -13.337481
 -1.386294 -1.386294 -1.386294 -1.386294
 -1.386294 -1.386294 -1.386294 -1.386294
 -16.265654 -16.265654 -16.265654 -0.000000
 -1.386294 -1.386294 -1.386294 -1.386294
 -1.386294 -1.386294 -1.386294 -1.386294
 -1.386294 -1.386294 -1.386294 -1.386294
 -1.386294 -1.386294 -1.386294 -1.386294
 -1.684675 -1.348203 -1.737193 -0.970814
 -1.499437 -1.243504 -1.787118 -1.136532
 -1.664059 -1.487602 -1.517455 -1.006630
 -1.240583 -1.014055 -1.604548 -1.916921
 -2.277836 -1.469379 -1.305376 -0.925444
 -1.372042 -1.065669 -2.164278 -1.247990
 -1.500804 -1.019832 -2.164962 -1.198523
 -1.490807 -0.858815 -1.830674 -1.656321
 -2.210364 -1.057686 -1.617301 -1.065233
 -1.490654 -1.154183 -1.641477 -1.325140
 -1.723706 -0.954573 -1.911304 -1.242255
 -1.414950 -1.049016 -1.538563 -1.649788
 -2.049940 -1.057551 -1.356794 -1.322505
 -1.424761 -1.367602 -1.667706 -1.151894
 -1.730563 -0.891125 -2.332142 -1.153489
 -1.526056 -1.007263 -1.546259 -1.587931
 -2.193950 -0.949628 -1.443646 -1.325863
 -1.571742 0.000100 0.000100 0.000100
 -1.291312 0.000100 0.000100 0.000100
 -1.242314 0.000100 0.000100 0.000100
 -1.475381 0.000100 0.000100 0.000100
 -1.502633 -1.251319 -1.313839 -1.502633
 -1.463430 -1.356185 -1.356185 -1.373279
 -1.323837 -1.331680 -1.388376 -1.512428
 -1.882356 -1.242319 -1.114486 -1.465462
 -1.634130 -1.315677 -1.266406 -1.367502
 -1.675446 -1.454658 -1.198117 -1.281815
 -1.440361 -1.125281 -1.468532 -1.568616
 -2.066603 -1.179301 -1.038444 -1.551705
 -1.706341 -1.392684 -1.164426 -1.354944
 -1.592631 -1.429591 -1.236998 -1.320697
 -1.497885 -1.320204 -1.297215 -1.443818
 -2.071912 -1.419588 -1.042294 -1.274406
 -1.154826 -1.520285 -1.645448 -1.297142
 -1.357856 -1.367246 -1.445718 -1.376725
 -1.308530 -1.315856 -1.338162 -1.613390
 -2.261762 -1.119666 -1.084819 -1.463255
 -15.168766 -15.168766 -0.000001 -15.168766
 -15.321809 -15.321809 -0.000001 -15.321809
 -15.290275 -15.290275 -0.000001 -15.290275
 -15.179049 -15.179049 -0.000001 -15.179049
 -1.386294 -1.386294 -1.386294 -1.386294
 -1.386294 -1.386294 -1.386294 -1.386294
 -16.628521 -16.628521 -16.628521 -0.000000
 -1.386294 -1.386294 -1.386294 -1.386294
 -1.386294 -1.386294 -1.386294 -1.386294
 -1.386294 -1.386294 -1.386294 -1.386294
 -1.386294 -1.386294 -1.386294 -1.386294
 -16.628521 -16.628521 -0.000000 -16.628521
 -1.386294 -1.386294 -1.386294 -1.386294
 -1.386294 -1.386294 -1.386294 -1.386294
 -1.853660 -1.370809 -1.110082 -1.347443
 -1.386294 -1.386294 -1.386294 -1.386294
 -14.774862 -14.774862 -0.000001 -14.774862
 -15.257713 -15.257713 -0.000001 -15.257713
 -15.518439 -15.518439 -0.000001 -15.518439
 -15.281079 -15.281079 -0.000001 -15.281079
 -1.386294 -1.386294 -1.386294 -1.386294
 -1.386294 -1.386294 -1.386294 -1.386294
 -16.628521 -16.628521 -16.628521 -0.000000
 -1.386294 -1.386294 -1.386294 -1.386294
 -1.386294 -1.386294 -1.386294 -1.386294
 -1.386294 -1.386294 -1.386294 -1.386294
 -1.386294 -1.386294 -1.386294 -1.386294
 -1.921012 -1.363741 -1.009652 -1.454601
 -1.759498 -1.248673 -1.605348 -1.078328
 -1.577102 -1.500562 -1.134459 -1.391000
 -1.612738 -1.339625 -1.095323 -1.588247
 -2.325992 -1.388868 -0.939699 -1.338607
 -1.362362 -1.362362 -1.259708 -1.588889
 -1.599981 -1.214319 -1.467922 -1.306434
 -1.296207 -1.302987 -1.433607 -1.531245
 -1.950740 -1.224258 -1.191997 -1.346147
 -1.558828 -1.258243 -1.307514 -1.448286
 -1.421080 -1.447988 -1.344447 -1.336284
 -1.400216 -1.228858 -1.390913 -1.551256
 -2.016159 -1.232862 -1.023608 -1.532104
 -1.501224 -1.439093 -1.095760 -1.581267
 -1.489954 -1.549972 -1.141077 -1.415153
 -1.352958 -1.386294 -1.251704 -1.582268
 -2.007180 -1.425825 -1.045770 -1.294986
