 -1.313482 0.000100 0.000100 0.000100
 -1.248242 0.000100 0.000100 0.000100
 -1.546506 0.000100 0.000100 0.000100
 -1.464828 0.000100 0.000100 0.000100
 -1.289963 -1.211492 -1.492904 -1.598264
 -1.136151 -1.355204 -1.558144 -1.558144
 -0.774374 -1.285199 -1.729883 -2.463848
 -1.811561 -1.023106 -1.419520 -1.446919
 -1.049823 -1.272966 -1.491655 -1.931020
 -0.778306 -1.667196 -1.640528 -1.844126
 -0.781441 -1.344909 -1.659989 -2.390873
 -1.729238 -0.949082 -1.293921 -1.824548
 -0.539576 -2.043651 -2.075399 -1.820508
 -0.693148 -1.626435 -2.291409 -1.598264
 -0.384848 -1.974079 -2.571912 -2.261759
 -1.642226 -1.441557 -1.397105 -1.131403
 -2.141499 -3.082478 -0.321683 -2.191509
 -1.858132 -2.052287 -0.841202 -1.257361
 -1.423108 -1.646250 -0.755281 -2.339391
 -2.849869 -2.310879 -0.376952 -1.851350
 -13.652996 -13.652996 -0.000004 -13.652996
 -13.270790 -13.270790 -0.000005 -13.270790
 -15.255346 -15.255346 -0.000001 -15.255346
 -13.785055 -13.785055 -0.000003 -13.785055
 -1.386294 -1.386294 -1.386294 -1.386294
 -1.386294 -1.386294 -1.386294 -1.386294
 -15.705606 -15.705606 -15.705606 -0.000000
 -1.386294 -1.386294 -1.386294 -1.386294
 -1.386294 -1.386294 -1.386294 -1.386294
 -1.386294 -1.386294 -1.386294 -1.386294
 -1.386294 -1.386294 -1.386294 -1.386294
 -15.705606 -1.941388 -0.370583 -1.794785
 -1.386294 -1.386294 -1.386294 -1.386294
 -0.682678 -1.720662 -1.988924 -1.720662
 -0.340859 -1.636047 -2.828844 -3.352089
 -1.655957 -1.011602 -1.655957 -1.368276
 -15.186692 -15.186692 -0.000001 -15.186692
 -14.193950 -14.193950 -0.000002 -14.193950
 -13.321220 -13.321220 -0.000005 -13.321220
 -13.321220 -13.321220 -0.000005 -13.321220
 -1.386294 -1.386294 -1.386294 -1.386294
 -1.386294 -1.386294 -1.386294 -1.386294
 -1.201961 -0.579064 -1.973477 -15.705606
 -1.386294 -1.386294 -1.386294 -1.386294
 -1.323013 -1.323013 -1.796796 -1.198961
 -1.145518 -1.291229 -1.711509 -1.485385
 -1.225952 -1.154494 -1.631416 -1.631416
 -1.386294 -1.386294 -1.386294 -1.386294
 -1.438119 -1.227824 -1.732918 -1.227824
 -1.430746 -1.283110 -1.631416 -1.244644
 -1.133099 -0.964023 -1.880311 -1.937469
 -1.868719 -1.280934 -1.476678 -1.080264
 -1.510592 -1.011602 -1.635754 -1.510592
 -1.532104 -1.198961 -1.892106 -1.103651
 -1.370546 -0.865991 -1.791758 -1.840548
 -2.118441 -0.989979 -1.545924 -1.220502
 -1.830673 -1.046557 -1.579360 -1.264280
 -1.639418 -1.049220 -1.830473 -1.219565
 -1.420196 -0.817201 -1.843051 -1.843051
 -1.863217 -0.954364 -1.603707 -1.352393
 -1.378197 -0.983544 -1.921810 -1.479980
 -1.828573 -0.790066 -2.185246 -1.297945
 -1.446919 -1.141538 -1.483286 -1.521026
 -2.145929 -0.982781 -1.675927 -1.134331
 -1.412887 0.000100 0.000100 0.000100
 -1.329550 0.000100 0.000100 0.000100
 -1.257511 0.000100 0.000100 0.000100
 -1.572127 0.000100 0.000100 0.000100
 -1.421084 -1.261065 -1.248854 -1.669387
 -1.573708 -1.121171 -1.410141 -1.501849
 -1.277003 -1.174088 -1.410753 -1.783386
 -2.229373 -0.954025 -1.240447 -1.523435
 -1.584032 -1.255227 -1.107794 -1.717270
 -1.507033 -1.183633 -1.320141 -1.583909
 -1.399342 -1.170913 -1.325002 -1.729604
 -2.146513 -1.037484 -1.142557 -1.561785
 -1.416881 -1.389118 -1.286260 -1.461305
 -1.313572 -1.410434 -1.399765 -1.425244
 -1.354923 -1.273174 -1.370793 -1.569324
 -1.846819 -1.199389 -1.216160 -1.408468
 -1.253460 -1.448377 -1.454328 -1.402519
 -1.441005 -1.207270 -1.515150 -1.408447
 -1.132845 -1.238443 -1.610698 -1.669712
 -2.541036 -1.023143 -1.136545 -1.423681
 -18.165918 -18.165918 0.000000 -18.165918
 -18.395670 -18.395670 0.000000 -18.395670
 -18.193027 -18.193027 0.000000 -18.193027
 -18.142422 -18.142422 0.000000 -18.142422
 -1.386294 -1.386294 -1.386294 -1.386294
 -1.386294 -1.386294 -1.386294 -1.386294
 -19.615784 -19.615784 -19.615784 0.000000
 -1.386294 -1.386294 -1.386294 -1.386294
 -1.386294 -1.386294 -1.386294 -1.386294
 -1.386294 -1.386294 -1.386294 -1.386294
 -1.386294 -1.386294 -1.386294 -1.386294
 -19.615784 -0.873672 -1.271553 -1.196705
 -1.386294 -1.386294 -1.386294 -1.386294
 -1.575645 -1.322463 -1.299863 -1.370111
 -1.337833 -1.324350 -1.242934 -1.697863
 -2.674950 -1.170550 -1.149463 -1.190443
 -17.905178 -17.905178 0.000000 -17.905178
 -18.341204 -18.341204 0.000000 -18.341204
 -18.379337 -18.379337 0.000000 -18.379337
 -18.226610 -18.226610 0.000000 -18.226610
 -1.386294 -1.386294 -1.386294 -1.386294
 -1.386294 -1.386294 -1.386294 -1.386294
 -1.147934 -0.925000 -1.251145 -19.615784
 -1.386294 -1.386294 -1.386294 -1.386294
 -1.569971 -1.281602 -1.182861 -1.570430
 -1.467432 -1.253603 -1.290089 -1.566557
 -1.400675 -1.173591 -1.469055 -1.540974
 -1.386294 -1.386294 -1.386294 -1.386294
 -1.272340 -1.518252 -1.265256 -1.520680
 -1.337574 -1.449010 -1.284491 -1.487555
 -1.173388 -1.335357 -1.400854 -1.707978
 -1.855722 -1.245656 -1.145668 -1.435920
 -1.427902 -1.302074 -1.269271 -1.574143
 -1.487213 -1.211384 -1.433004 -1.437072
 -1.214318 -1.222037 -1.453053 -1.745239
 -1.991208 -1.034823 -1.278623 -1.470719
 -1.561538 -1.296044 -1.152110 -1.606417
 -1.414082 -1.325940 -1.282455 -1.542047
 -1.332811 -1.220456 -1.330578 -1.732481
 -2.141864 -1.096459 -1.123499 -1.498916
 -1.381222 -1.411467 -1.295617 -1.464409
 -1.405085 -1.407219 -1.291193 -1.448646
 -1.283769 -1.322169 -1.310992 -1.677184
 -1.899803 -1.193312 -1.143051 -1.476912
