 -1.287204 0.000100 0.000100 0.000100
 -1.315914 0.000100 0.000100 0.000100
 -1.381099 0.000100 0.000100 0.000100
 -1.587544 0.000100 0.000100 0.000100
 -1.197703 -1.151894 -1.444563 -1.922598
 -0.945850 -1.233532 -1.664314 -2.032037
 -1.119556 -1.151817 -1.478500 -2.043813
 -1.798148 -0.807752 -1.622258 -1.655048
 -0.918440 -1.407987 -1.600890 -1.867519
 -0.957840 -1.394076 -1.661139 -1.724318
 -0.956733 -1.315677 -1.544518 -2.008822
 -1.837014 -0.835569 -1.469291 -1.731654
 -0.485509 -2.242174 -2.112962 -1.848271
 -0.760807 -1.810627 -1.900239 -1.515828
 -0.512952 -1.724040 -2.223029 -2.165871
 -1.386294 -1.209364 -1.775758 -1.264934
 -2.236139 -2.715710 -0.273367 -2.715710
 -1.768769 -1.815288 -0.732679 -1.681758
 -1.338892 -2.069776 -0.664439 -2.332138
 -2.477932 -2.564943 -0.388135 -1.827349
 -13.845074 -13.845074 -0.000003 -13.845074
 -13.473026 -13.473026 -0.000004 -13.473026
 -15.446711 -15.446711 -0.000001 -15.446711
 -13.629186 -13.629186 -0.000004 -13.629186
 -1.386294 -1.386294 -1.386294 -1.386294
 -1.386294 -1.386294 -1.386294 -1.386294
 -15.854131 -15.854131 -15.854131 -0.000000
 -1.386294 -1.386294 -1.386294 -1.386294
 -1.386294 -1.386294 -1.386294 -1.386294
 -1.386294 -1.386294 -1.386294 -1.386294
 -1.386294 -1.386294 -1.386294 -1.386294
 -0.425190 -2.155153 -2.009060 -2.339724
 -1.053814 -1.042451 -2.411936 -1.564640
 -1.087440 -1.397594 -1.397594 -1.780584
 -0.850541 -1.138222 -1.690289 -2.688808
 -1.665006 -1.359626 -1.126012 -1.470851
 -0.918194 -1.445020 -14.782495 -1.007806
 -0.890725 -1.262773 -14.735795 -1.181648
 -0.768656 -1.203973 -13.910825 -1.442384
 -1.057791 -1.535826 -14.180157 -0.826680
 -1.726008 -1.513833 -1.622467 -0.905028
 -1.915906 -1.240153 -1.619642 -1.006538
 -1.386294 -1.386294 -1.386294 -1.386294
 -1.879464 -1.761681 -1.348837 -0.876997
 -1.323774 -1.323774 -1.562184 -1.354546
 -1.184555 -1.165507 -1.552279 -1.768502
 -1.339774 -1.046427 -1.791758 -1.513046
 -1.180291 -1.379780 -1.772341 -1.304745
 -1.436880 -1.050463 -1.973183 -1.296298
 -1.325140 -1.243795 -1.689105 -1.342234
 -1.372308 -1.105680 -1.554629 -1.588531
 -2.202762 -1.055363 -1.509617 -1.138054
 -1.988468 -0.965082 -1.435084 -1.410392
 -1.451892 -1.198696 -1.768228 -1.225364
 -1.242255 -1.218158 -1.588531 -1.554629
 -1.801515 -0.945850 -1.521213 -1.477728
 -1.472727 -0.945373 -1.622258 -1.688949
 -1.507901 -0.858815 -2.102607 -1.457471
 -1.418660 -1.249584 -1.295046 -1.622258
 -1.999397 -1.009001 -1.386294 -1.386294
 -1.536234 -0.951722 -1.766757 -1.479076
 -1.565137 -0.839201 -1.995919 -1.500599
 -1.481604 -1.011602 -1.540445 -1.635754
 -1.994403 -0.812412 -1.871801 -1.323236
 -1.380477 0.000100 0.000100 0.000100
 -1.266628 0.000100 0.000100 0.000100
 -1.394094 0.000100 0.000100 0.000100
 -1.520038 0.000100 0.000100 0.000100
 -1.548418 -1.219069 -1.188803 -1.674909
 -1.577393 -1.087669 -1.432401 -1.524403
 -1.359737 -1.128511 -1.425043 -1.718922
 -2.167983 -0.926536 -1.269330 -1.567100
 -1.499410 -1.275944 -1.206435 -1.617932
 -1.433855 -1.282945 -1.263340 -1.601053
 -1.434160 -1.253489 -1.271037 -1.631495
 -2.048571 -1.052801 -1.166862 -1.556942
 -1.332703 -1.302241 -1.475910 -1.445008
 -1.365885 -1.275875 -1.552927 -1.370300
 -1.224548 -1.229546 -1.552182 -1.599988
 -1.770807 -1.129979 -1.395806 -1.350422
 -1.419569 -1.351130 -1.304384 -1.478871
 -1.545945 -1.092257 -1.479805 -1.497229
 -1.260080 -1.228870 -1.490294 -1.617272
 -2.539059 -1.013494 -1.133753 -1.442707
 -19.644691 -19.644691 0.000000 -19.644691
 -20.071663 -20.071663 0.000000 -20.071663
 -19.886803 -19.886803 0.000000 -19.886803
 -19.728041 -19.728041 0.000000 -19.728041
 -1.386294 -1.386294 -1.386294 -1.386294
 -1.386294 -1.386294 -1.386294 -1.386294
 -21.232592 -21.232592 -21.232592 0.000000
 -1.386294 -1.386294 -1.386294 -1.386294
 -1.386294 -1.386294 -1.386294 -1.386294
 -1.386294 -1.386294 -1.386294 -1.386294
 -1.386294 -1.386294 -1.386294 -1.386294
 -2.050966 -0.913632 -1.390516 -1.507885
 -1.831554 -0.939953 -1.682752 -1.334357
 -1.374853 -1.420804 -1.212509 -1.569479
 -1.598611 -1.324814 -1.070106 -1.666019
 -2.073191 -1.030646 -1.163743 -1.584137
 -1.045338 -1.084426 -19.624134 -1.170115
 -1.141330 -1.003768 -20.002522 -1.158012
 -0.977699 -1.012919 -20.020998 -1.344512
 -1.621569 -0.756884 -19.671041 -1.098755
 -1.552279 -1.245590 -1.208498 -1.600385
 -1.516053 -1.179735 -1.436624 -1.446750
 -1.386294 -1.386294 -1.386294 -1.386294
 -2.096996 -1.000604 -1.248864 -1.501987
 -1.477807 -1.360507 -1.200302 -1.540712
 -1.401329 -1.352929 -1.239491 -1.581254
 -1.337147 -1.338832 -1.195996 -1.755319
 -2.010695 -1.125689 -1.119254 -1.536409
 -1.314698 -1.345023 -1.424617 -1.468329
 -1.390982 -1.293452 -1.441565 -1.425910
 -1.184301 -1.293070 -1.463410 -1.670424
 -1.938980 -1.068787 -1.367321 -1.355044
 -1.525007 -1.256853 -1.194115 -1.635471
 -1.520030 -1.160440 -1.419112 -1.487141
 -1.325167 -1.165597 -1.441017 -1.682988
 -2.109482 -0.984669 -1.273373 -1.490544
 -1.476290 -1.292134 -1.243219 -1.568402
 -1.390234 -1.305802 -1.288727 -1.587645
 -1.339619 -1.250788 -1.289711 -1.734859
 -1.949231 -1.089544 -1.180364 -1.541406
 -1.361317 -1.305624 -1.449329 -1.435712
 -1.413059 -1.296367 -1.468207 -1.375391
 -1.231945 -1.258625 -1.500760 -1.603107
 -1.958436 -1.068141 -1.341087 -1.371550
