 -1.352806 0.000100 0.000100 0.000100
 -1.272303 0.000100 0.000100 0.000100
 -1.522040 0.000100 0.000100 0.000100
 -1.414554 0.000100 0.000100 0.000100
 -1.023650 -1.267846 -1.652257 -1.785788
 -1.266672 -1.191164 -2.063001 -1.247254
 -1.016935 -1.235188 -2.176168 -1.452252
 -1.688949 -0.961902 -1.724040 -1.367366
 -1.538701 -1.062619 -1.263290 -1.851075
 -1.401183 -1.202332 -1.624326 -1.361962
 -0.906242 -1.098613 -1.417066 -3.901927
 -1.852383 -0.767759 -1.734600 -1.596450
 -1.488077 -1.577689 -1.036093 -1.546917
 -0.899124 -1.635755 -1.491174 -1.753538
 -0.672670 -1.510998 -1.542746 -2.897283
 -1.449095 -0.983733 -1.449095 -1.854558
 -0.995429 -1.467787 -14.648421 -0.916291
 -1.053589 -1.386294 -14.234223 -0.913008
 -0.736499 -1.392373 -14.316288 -1.299283
 -1.761905 -1.129385 -13.805464 -0.683099
 -14.665663 -14.665663 -0.000001 -14.665663
 -14.310209 -14.310209 -0.000002 -14.310209
 -1.386294 -1.386294 -1.386294 -1.386294
 -14.723771 -14.723771 -0.000001 -14.723771
 -1.386294 -1.386294 -1.386294 -1.386294
 -1.386294 -1.386294 -1.386294 -1.386294
 -15.681141 -15.681141 -15.681141 -0.000000
 -1.386294 -1.386294 -1.386294 -1.386294
 -1.386294 -1.386294 -1.386294 -1.386294
 -1.386294 -1.386294 -1.386294 -1.386294
 -1.386294 -1.386294 -1.386294 -1.386294
 -0.000001 -15.681141 -15.681141 -15.681141
 -0.767017 -1.364854 -2.410355 -1.658615
 -1.386294 -1.386294 -1.386294 -1.386294
 -1.386294 -1.386294 -1.386294 -1.386294
 -1.386294 -1.386294 -1.386294 -1.386294
 -14.914124 -14.914124 -0.000001 -14.914124
 -14.316288 -14.316288 -0.000002 -14.316288
 -13.270790 -13.270790 -0.000005 -13.270790
 -14.022528 -14.022528 -0.000002 -14.022528
 -1.386294 -1.386294 -1.386294 -1.386294
 -1.386294 -1.386294 -1.386294 -1.386294
 -1.114213 -0.638917 -1.938200 -15.681141
 -1.386294 -1.386294 -1.386294 -1.386294
 -1.349253 -1.197703 -1.922598 -1.229452
 -1.501149 -1.226712 -1.788831 -1.149751
 -1.274503 -0.819029 -2.335368 -1.699385
 -1.386294 -1.386294 -1.386294 -1.386294
 -1.590509 -1.249584 -1.559738 -1.206099
 -1.352718 -1.391184 -1.889022 -1.074515
 -1.316615 -0.861141 -2.089800 -1.684338
 -1.647589 -0.900376 -1.973010 -1.339288
 -1.623136 -0.863299 -2.100058 -1.352847
 -1.577102 -0.895385 -1.834931 -1.490091
 -1.292769 -0.818312 -2.140062 -1.791758
 -1.956838 -0.820487 -2.170411 -1.189584
 -1.511982 -1.059998 -2.205126 -1.130616
 -1.927890 -0.653927 -2.090409 -1.556328
 -1.552279 -0.658464 -2.650880 -1.609437
 -2.178530 -0.725100 -1.736699 -1.485385
 -1.599868 -0.906723 -2.341799 -1.210404
 -1.879951 -0.565314 -2.296111 -1.722766
 -1.315677 -0.940985 -2.209488 -1.462280
 -1.979356 -0.849494 -1.845825 -1.286211
 -1.412503 0.000100 0.000100 0.000100
 -1.391669 0.000100 0.000100 0.000100
 -1.135887 0.000100 0.000100 0.000100
 -1.678414 0.000100 0.000100 0.000100
 -1.271600 -1.406595 -1.394944 -1.483712
 -1.309646 -1.408086 -1.374184 -1.459177
 -1.084203 -1.328491 -1.534656 -1.706927
 -1.610687 -1.205222 -1.412861 -1.357985
 -1.535212 -1.312068 -1.025156 -1.854146
 -1.593522 -1.033907 -1.359908 -1.690149
 -1.503588 -1.012336 -1.352589 -1.859633
 -2.110744 -0.941581 -1.241141 -1.610501
 -1.521723 -1.308574 -1.107092 -1.709585
 -1.237827 -1.363305 -1.249690 -1.786302
 -1.304601 -1.292939 -1.172904 -1.932476
 -1.683442 -1.307391 -1.105365 -1.548101
 -0.820897 -1.516142 -16.198753 -1.077617
 -0.980829 -1.280235 -16.252626 -1.058350
 -0.768183 -1.217620 -16.401770 -1.426238
 -1.724673 -0.886138 -15.810211 -0.892760
 -16.620687 -16.620687 -0.000000 -16.620687
 -16.342838 -16.342838 -0.000000 -16.342838
 -1.386294 -1.386294 -1.386294 -1.386294
 -16.444517 -16.444517 -0.000000 -16.444517
 -1.386294 -1.386294 -1.386294 -1.386294
 -1.386294 -1.386294 -1.386294 -1.386294
 -17.574615 -17.574615 -17.574615 -0.000000
 -1.386294 -1.386294 -1.386294 -1.386294
 -1.386294 -1.386294 -1.386294 -1.386294
 -1.386294 -1.386294 -1.386294 -1.386294
 -1.386294 -1.386294 -1.386294 -1.386294
 0.000000 -17.574615 -17.574615 -17.574615
 -1.909076 -0.826312 -2.030995 -1.262599
 -1.386294 -1.386294 -1.386294 -1.386294
 -1.386294 -1.386294 -1.386294 -1.386294
 -1.386294 -1.386294 -1.386294 -1.386294
 -15.665540 -15.665540 -0.000000 -15.665540
 -16.748302 -16.748302 -0.000000 -16.748302
 -15.543621 -15.543621 -0.000001 -15.543621
 -16.312017 -16.312017 -0.000000 -16.312017
 -1.386294 -1.386294 -1.386294 -1.386294
 -1.386294 -1.386294 -1.386294 -1.386294
 -0.904360 -1.195695 -1.228588 -17.574615
 -1.386294 -1.386294 -1.386294 -1.386294
 -1.584984 -1.389177 -1.088303 -1.565512
 -1.708994 -1.005265 -1.471486 -1.498699
 -1.336595 -1.076564 -1.552191 -1.688950
 -1.386294 -1.386294 -1.386294 -1.386294
 -1.383042 -1.454822 -1.169468 -1.583713
 -1.365553 -1.441693 -1.112936 -1.716796
 -1.316548 -1.155003 -1.310075 -1.916748
 -1.507473 -1.365053 -1.062003 -1.729342
 -1.238003 -1.349794 -1.610368 -1.382584
 -1.227177 -1.364199 -1.448037 -1.531253
 -1.100852 -1.351846 -1.487438 -1.699913
 -1.456234 -1.390276 -1.379694 -1.323413
 -1.706731 -1.305642 -1.037895 -1.643285
 -1.680055 -1.139434 -1.326312 -1.477612
 -1.222335 -1.208446 -1.435909 -1.778460
 -2.028565 -1.044765 -1.191525 -1.546728
 -1.564370 -1.379227 -1.145808 -1.509411
 -1.325358 -1.489051 -1.219998 -1.544237
 -1.393457 -1.393457 -1.176081 -1.634329
 -1.981291 -1.317997 -1.033567 -1.432539
