 -1.417321 0.000100 0.000100 0.000100
 -1.192498 0.000100 0.000100 0.000100
 -1.505096 0.000100 0.000100 0.000100
 -1.460246 0.000100 0.000100 0.000100
 -1.411828 -1.446919 -1.065552 -1.734600
 -1.112127 -1.477586 -1.636650 -1.393028
 -1.002470 -1.053763 -2.052287 -1.858132
 -1.791758 -0.824177 -1.645155 -1.600703
 -0.859539 -1.875457 -1.454245 -1.661883
 -1.003303 -1.203973 -1.678430 -1.919591
 -0.792240 -1.262242 -1.667706 -2.583989
 -1.812377 -1.001450 -1.406914 -1.493925
 -0.794124 -1.774951 -1.774951 -1.565231
 -0.839752 -1.704747 -2.174748 -1.299283
 -0.454738 -1.754017 -2.564941 -2.159480
 -2.277260 -1.024506 -1.717649 -1.024506
 -14.562201 -14.562201 -0.000001 -14.562201
 -13.815515 -13.815515 -0.000003 -13.815515
 -13.415039 -13.415039 -0.000004 -13.415039
 -13.937732 -13.937732 -0.000003 -13.937732
 -1.386294 -1.386294 -1.386294 -1.386294
 -1.386294 -1.386294 -1.386294 -1.386294
 -15.406785 -15.406785 -0.000001 -15.406785
 -1.386294 -1.386294 -1.386294 -1.386294
 -1.386294 -1.386294 -1.386294 -1.386294
 -1.386294 -1.386294 -1.386294 -1.386294
 -15.406785 -15.406785 -15.406785 -0.000001
 -1.386294 -1.386294 -1.386294 -1.386294
 -1.386294 -1.386294 -1.386294 -1.386294
 -1.386294 -1.386294 -1.386294 -1.386294
 -1.386294 -1.386294 -1.386294 -1.386294
 -0.000001 -15.406785 -15.406785 -15.406785
 -0.789273 -1.505096 -2.585524 -1.392423
 -1.386294 -1.386294 -1.386294 -1.386294
 -1.386294 -1.386294 -1.386294 -1.386294
 -1.386294 -1.386294 -1.386294 -1.386294
 -14.617514 -14.617514 -0.000001 -14.617514
 -13.901692 -13.901692 -0.000003 -13.901692
 -12.821269 -12.821269 -0.000008 -12.821269
 -14.014365 -14.014365 -0.000002 -14.014365
 -1.386294 -1.386294 -1.386294 -1.386294
 -1.386294 -1.386294 -1.386294 -1.386294
 -15.406785 -0.000001 -15.406785 -15.406785
 -1.386294 -1.386294 -1.386294 -1.386294
 -1.386294 -1.386294 -1.386294 -1.386294
 -1.321247 -1.384260 -1.905984 -1.096578
 -1.386294 -1.386294 -1.386294 -1.386294
 -1.386294 -1.386294 -1.386294 -1.386294
 -1.441210 -1.474000 -1.784153 -1.003997
 -1.315677 -1.098613 -1.816450 -1.444888
 -1.112407 -0.735114 -2.498689 -2.211011
 -1.767661 -1.271225 -1.516347 -1.110883
 -1.287855 -1.170072 -1.757856 -1.421386
 -1.497520 -1.152680 -1.589893 -1.360319
 -1.540444 -0.934311 -1.597602 -1.658227
 -1.798978 -0.909123 -1.638636 -1.437966
 -1.900238 -1.009268 -1.964776 -1.061912
 -1.392092 -0.904797 -2.108767 -1.489730
 -1.663504 -0.792679 -1.720662 -1.720662
 -2.188637 -1.015922 -1.421386 -1.257083
 -1.727219 -1.003304 -1.727219 -1.280934
 -1.604296 -1.048351 -1.833870 -1.242507
 -1.216396 -0.993253 -1.829497 -1.755390
 -2.438381 -0.828950 -1.891841 -1.122711
 -1.520177 0.000100 0.000100 0.000100
 -1.188532 0.000100 0.000100 0.000100
 -1.413693 0.000100 0.000100 0.000100
 -1.454936 0.000100 0.000100 0.000100
 -1.397594 -1.230541 -1.192800 -1.849576
 -1.386294 -1.354546 -1.293921 -1.524444
 -1.299283 -1.417066 -1.193923 -1.704747
 -1.988924 -1.119891 -1.258041 -1.375823
 -1.824547 -0.977253 -1.699385 -1.274503
 -1.591893 -1.089803 -1.549333 -1.395183
 -1.304949 -1.187166 -1.304949 -1.880311
 -1.933930 -1.086637 -1.474401 -1.240787
 -1.634129 -1.573505 -1.148624 -1.271226
 -1.924247 -1.158781 -1.309063 -1.309063
 -1.386294 -1.189585 -1.882728 -1.225952
 -2.079437 -1.428854 -0.926764 -1.428854
 -13.473026 -13.473026 -0.000004 -13.473026
 -13.919874 -13.919874 -0.000003 -13.919874
 -13.955276 -13.955276 -0.000003 -13.955276
 -13.910825 -13.910825 -0.000003 -13.910825
 -1.386294 -1.386294 -1.386294 -1.386294
 -1.386294 -1.386294 -1.386294 -1.386294
 -15.219154 -15.219154 -0.000001 -15.219154
 -1.386294 -1.386294 -1.386294 -1.386294
 -1.386294 -1.386294 -1.386294 -1.386294
 -1.386294 -1.386294 -1.386294 -1.386294
 -15.219154 -15.219154 -15.219154 -0.000001
 -1.386294 -1.386294 -1.386294 -1.386294
 -1.386294 -1.386294 -1.386294 -1.386294
 -1.386294 -1.386294 -1.386294 -1.386294
 -1.386294 -1.386294 -1.386294 -1.386294
 -0.000001 -15.219154 -15.219154 -15.219154
 -1.531476 -1.413693 -1.834425 -0.965388
 -1.386294 -1.386294 -1.386294 -1.386294
 -1.386294 -1.386294 -1.386294 -1.386294
 -1.386294 -1.386294 -1.386294 -1.386294
 -13.687682 -13.687682 -0.000003 -13.687682
 -13.805464 -13.805464 -0.000003 -13.805464
 -13.384734 -13.384734 -0.000005 -13.384734
 -14.253768 -14.253768 -0.000002 -14.253768
 -1.386294 -1.386294 -1.386294 -1.386294
 -1.386294 -1.386294 -1.386294 -1.386294
 -15.219154 -0.000001 -15.219154 -15.219154
 -1.386294 -1.386294 -1.386294 -1.386294
 -1.386294 -1.386294 -1.386294 -1.386294
 -1.554466 -1.204792 -1.393693 -1.423846
 -1.386294 -1.386294 -1.386294 -1.386294
 -1.386294 -1.386294 -1.386294 -1.386294
 -1.509908 -1.458615 -1.020362 -1.681757
 -1.471816 -1.248673 -1.307514 -1.545924
 -1.118614 -1.031603 -1.524077 -2.312529
 -1.876915 -1.119233 -1.001450 -1.876915
 -1.462834 -1.221673 -1.295781 -1.609437
 -1.285824 -1.228666 -1.479980 -1.593308
 -1.277661 -1.338285 -1.166435 -1.913647
 -2.818379 -1.026641 -0.908858 -1.719784
 -1.547562 -1.324419 -1.324419 -1.365241
 -1.353505 -1.455287 -1.420196 -1.321756
 -1.601069 -1.313388 -0.950483 -1.945908
 -1.819155 -1.045970 -1.259543 -1.596014
 -1.470176 -1.374866 -1.098613 -1.693318
 -1.413693 -1.451433 -1.213023 -1.490654
 -1.132230 -1.212272 -1.704747 -1.617736
 -2.531417 -1.110042 -0.980831 -1.532897
