 -1.267689 0.000100 0.000100 0.000100
 -1.393729 0.000100 0.000100 0.000100
 -1.609438 0.000100 0.000100 0.000100
 -1.307963 0.000100 0.000100 0.000100
 -1.310309 -1.111858 -1.558144 -1.656584
 -1.432104 -0.966015 -2.007465 -1.401332
 -0.810932 -1.216396 -1.909540 -2.197220
 -1.725509 -0.824725 -1.725509 -1.582409
 -1.161792 -1.276861 -1.694595 -1.493925
 -0.761416 -1.672285 -1.786695 -1.727855
 -0.832911 -1.343735 -1.477266 -2.575868
 -1.936338 -0.883192 -1.699951 -1.348554
 -0.637718 -2.127194 -1.930484 -1.573810
 -0.757227 -1.757857 -2.268680 -1.365816
 -0.446290 -1.771955 -2.659250 -2.120259
 -1.680533 -1.366876 -1.680533 -0.987388
 -14.743731 -14.743731 -0.000001 -14.743731
 -13.721204 -13.721204 -0.000003 -13.721204
 -13.444452 -13.444452 -0.000004 -13.444452
 -14.054531 -14.054531 -0.000002 -14.054531
 -1.386294 -1.386294 -1.386294 -1.386294
 -1.386294 -1.386294 -1.386294 -1.386294
 -15.501910 -15.501910 -0.000001 -15.501910
 -1.386294 -1.386294 -1.386294 -1.386294
 -1.386294 -1.386294 -1.386294 -1.386294
 -1.386294 -1.386294 -1.386294 -1.386294
 -15.501910 -15.501910 -15.501910 -0.000001
 -1.386294 -1.386294 -1.386294 -1.386294
 -1.386294 -1.386294 -1.386294 -1.386294
 -1.386294 -1.386294 -1.386294 -1.386294
 -1.386294 -1.386294 -1.386294 -1.386294
 -0.000001 -15.501910 -15.501910 -15.501910
 -0.893407 -1.342809 -2.765206 -1.321756
 -1.386294 -1.386294 -1.386294 -1.386294
 -1.386294 -1.386294 -1.386294 -1.386294
 -1.386294 -1.386294 -1.386294 -1.386294
 -14.608505 -14.608505 -0.000001 -14.608505
 -14.159103 -14.159103 -0.000002 -14.159103
 -12.736712 -12.736712 -0.000009 -12.736712
 -14.180157 -14.180157 -0.000002 -14.180157
 -1.386294 -1.386294 -1.386294 -1.386294
 -1.386294 -1.386294 -1.386294 -1.386294
 -0.465569 -15.501910 -0.988265 -15.501910
 -1.386294 -1.386294 -1.386294 -1.386294
 -1.407159 -1.419281 -1.818666 -1.046877
 -1.386294 -1.386294 -1.386294 -1.386294
 -1.128918 -0.946597 -2.084427 -1.806796
 -1.386294 -1.386294 -1.386294 -1.386294
 -1.441864 -1.105393 -1.739115 -1.359626
 -1.361602 -1.361602 -1.464256 -1.361602
 -1.049824 -1.337505 -2.184796 -1.290985
 -1.440361 -1.239691 -1.589893 -1.310309
 -1.475906 -1.252763 -1.683545 -1.203973
 -1.488077 -0.900291 -2.270833 -1.329853
 -1.233532 -1.108369 -1.338892 -2.149818
 -2.065453 -1.043805 -1.521839 -1.194627
 -1.566878 -1.031361 -1.911716 -1.248425
 -1.567547 -0.954443 -1.647589 -1.542229
 -1.469676 -0.733971 -2.207270 -1.714797
 -1.882729 -0.849717 -1.836210 -1.343735
 -1.494775 -1.238842 -1.782455 -1.146469
 -1.522426 -1.049823 -1.756041 -1.350576
 -1.053151 -1.122144 -1.681757 -1.969437
 -2.279233 -1.106518 -1.260669 -1.260669
 -1.697014 0.000100 0.000100 0.000100
 -1.130161 0.000100 0.000100 0.000100
 -1.260036 0.000100 0.000100 0.000100
 -1.559958 0.000100 0.000100 0.000100
 -1.369487 -1.326002 -1.168817 -1.774951
 -1.288656 -1.452544 -1.089043 -1.871801
 -1.438741 -1.295640 -1.102269 -1.851927
 -2.055108 -1.324222 -0.995718 -1.442005
 -1.413693 -1.275543 -1.359626 -1.510857
 -1.492101 -1.268958 -1.585627 -1.240787
 -1.161925 -1.392448 -1.538402 -1.496438
 -2.038854 -1.140915 -1.392229 -1.198073
 -2.054122 -1.504077 -1.000974 -1.265666
 -2.060887 -1.256516 -1.579915 -0.962276
 -1.543480 -1.219241 -1.632427 -1.219241
 -2.456733 -1.358124 -1.046911 -1.183770
 -14.093145 -14.093145 -0.000002 -14.093145
 -14.755519 -14.755519 -0.000001 -14.755519
 -14.808764 -14.808764 -0.000001 -14.808764
 -14.940441 -14.940441 -0.000001 -14.940441
 -1.386294 -1.386294 -1.386294 -1.386294
 -1.386294 -1.386294 -1.386294 -1.386294
 -16.083506 -16.083506 -0.000000 -16.083506
 -1.386294 -1.386294 -1.386294 -1.386294
 -1.386294 -1.386294 -1.386294 -1.386294
 -1.386294 -1.386294 -1.386294 -1.386294
 -16.083506 -16.083506 -16.083506 -0.000000
 -1.386294 -1.386294 -1.386294 -1.386294
 -1.386294 -1.386294 -1.386294 -1.386294
 -1.386294 -1.386294 -1.386294 -1.386294
 -1.386294 -1.386294 -1.386294 -1.386294
 -0.000000 -16.083506 -16.083506 -16.083506
 -1.457063 -1.162737 -2.085672 -1.107973
 -1.386294 -1.386294 -1.386294 -1.386294
 -1.386294 -1.386294 -1.386294 -1.386294
 -1.386294 -1.386294 -1.386294 -1.386294
 -14.626443 -14.626443 -0.000001 -14.626443
 -14.920769 -14.920769 -0.000001 -14.920769
 -13.997835 -13.997835 -0.000003 -13.997835
 -14.975533 -14.975533 -0.000001 -14.975533
 -1.386294 -1.386294 -1.386294 -1.386294
 -1.386294 -1.386294 -1.386294 -1.386294
 -0.755067 -16.083506 -0.634839 -16.083506
 -1.386294 -1.386294 -1.386294 -1.386294
 -1.314076 -1.493124 -1.205443 -1.574802
 -1.386294 -1.386294 -1.386294 -1.386294
 -1.126337 -1.355523 -1.450833 -1.695029
 -1.386294 -1.386294 -1.386294 -1.386294
 -1.428854 -1.443453 -0.926763 -2.052041
 -1.412270 -1.328187 -1.312187 -1.504077
 -1.268512 -1.241113 -1.484734 -1.593933
 -1.869145 -1.193391 -1.211091 -1.407801
 -1.347413 -1.640760 -1.055503 -1.618287
 -1.247033 -1.575536 -1.287854 -1.470176
 -1.410643 -1.355835 -1.207415 -1.612880
 -1.567547 -1.424446 -1.120235 -1.493439
 -1.419631 -1.402824 -1.526876 -1.220502
 -1.623294 -1.257361 -1.290151 -1.414203
 -1.211807 -1.269627 -1.466337 -1.657392
 -1.826501 -1.228666 -1.245473 -1.352718
 -1.774059 -1.386294 -0.900787 -1.748084
 -1.409109 -1.320817 -1.226788 -1.632252
 -1.280105 -1.236302 -1.495813 -1.572774
 -1.876065 -1.169126 -1.077559 -1.630944
