 -1.374866 0.000100 0.000100 0.000100
 -1.365816 0.000100 0.000100 0.000100
 -1.321756 0.000100 0.000100 0.000100
 -1.490378 0.000100 0.000100 0.000100
 -1.299283 -1.927889 -1.011602 -1.522426
 -1.275543 -1.154183 -1.665007 -1.531476
 -1.352393 -1.090029 -1.495493 -1.709067
 -2.505517 -1.001450 -1.183771 -1.406914
 -1.011602 -1.337023 -1.650680 -1.704747
 -1.147403 -1.504077 -1.791758 -1.225364
 -0.977985 -1.151257 -1.466337 -2.564942
 -2.134699 -0.703960 -1.642226 -1.642226
 -1.113998 -1.784153 -1.579360 -1.211636
 -1.206409 -1.454245 -1.924247 -1.135792
 -0.779092 -2.044752 -1.803591 -1.398129
 -2.460800 -1.271226 -0.972734 -1.362197
 -14.077878 -14.077878 -0.000002 -14.077878
 -13.687682 -13.687682 -0.000003 -13.687682
 -13.732133 -13.732133 -0.000003 -13.732133
 -14.038657 -14.038657 -0.000002 -14.038657
 -1.386294 -1.386294 -1.386294 -1.386294
 -1.386294 -1.386294 -1.386294 -1.386294
 -15.285687 -15.285687 -0.000001 -15.285687
 -1.386294 -1.386294 -1.386294 -1.386294
 -1.386294 -1.386294 -1.386294 -1.386294
 -1.386294 -1.386294 -1.386294 -1.386294
 -15.285687 -15.285687 -15.285687 -0.000001
 -1.386294 -1.386294 -1.386294 -1.386294
 -1.386294 -1.386294 -1.386294 -1.386294
 -1.386294 -1.386294 -1.386294 -1.386294
 -1.386294 -1.386294 -1.386294 -1.386294
 -0.000001 -15.285687 -15.285687 -15.285687
 -1.148093 -1.365816 -2.386465 -1.091740
 -1.386294 -1.386294 -1.386294 -1.386294
 -1.386294 -1.386294 -1.386294 -1.386294
 -1.386294 -1.386294 -1.386294 -1.386294
 -14.137597 -14.137597 -0.000002 -14.137597
 -13.919874 -13.919874 -0.000003 -13.919874
 -12.899230 -12.899230 -0.000007 -12.899230
 -14.193950 -14.193950 -0.000002 -14.193950
 -1.386294 -1.386294 -1.386294 -1.386294
 -1.386294 -1.386294 -1.386294 -1.386294
 -15.285687 -15.285687 -15.285687 -0.000001
 -1.386294 -1.386294 -1.386294 -1.386294
 -1.386294 -1.386294 -1.386294 -1.386294
 -1.386294 -1.386294 -1.386294 -1.386294
 -1.386294 -1.386294 -1.386294 -1.386294
 -15.285687 -15.285687 -15.285687 -0.000001
 -1.386294 -1.386294 -1.386294 -1.386294
 -1.386294 -1.386294 -1.386294 -1.386294
 -1.386294 -1.386294 -1.386294 -1.386294
 -2.183525 -1.287854 -1.279556 -1.098613
 -1.694593 -0.847301 -2.100052 -1.326871
 -1.353505 -1.176574 -2.841571 -0.980830
 -1.361803 -1.106912 -1.704747 -1.463586
 -1.798679 -0.987751 -1.393215 -1.542746
 -1.418383 -1.057371 -1.663504 -1.509354
 -1.440361 -1.152680 -1.932836 -1.195240
 -1.490090 -0.828695 -2.183231 -1.490090
 -1.871800 -1.151257 -1.235814 -1.429969
 -1.536867 -1.165305 -1.893539 -1.131403
 -2.170730 -1.132746 -1.825891 -0.909603
 -1.315677 -1.228666 -1.573505 -1.462280
 -1.819156 -1.071945 -1.490654 -1.308333
 -1.627454 0.000100 0.000100 0.000100
 -1.080915 0.000100 0.000100 0.000100
 -1.192140 0.000100 0.000100 0.000100
 -1.828123 0.000100 0.000100 0.000100
 -1.011612 -11.608273 -1.299286 -1.011612
 -1.152684 -1.335002 -1.335002 -1.845814
 -1.223779 -2.140040 -1.041461 -1.446918
 -2.197169 -0.405493 -2.197169 -2.197169
 -2.079417 -1.163156 -2.079417 -0.826689
 -2.564880 -1.466334 -1.871783 -0.619056
 -1.609431 -1.321757 -1.321757 -1.321757
 -1.386294 -1.791743 -1.386294 -1.098621
 -11.407610 -1.098623 -0.587811 -2.197169
 -2.638986 -1.252767 -2.638986 -0.559632
 -1.299286 -1.299286 -1.299286 -1.704734
 -1.992415 -2.397863 -0.893825 -1.011607
 -11.156307 -11.156307 -0.000043 -11.156307
 -11.695280 -11.695280 -0.000025 -11.695280
 -12.100735 -12.100735 -0.000017 -12.100735
 -12.154800 -12.154800 -0.000016 -12.154800
 -1.386294 -1.386294 -1.386294 -1.386294
 -1.386294 -1.386294 -1.386294 -1.386294
 -13.235700 -13.235700 -0.000005 -13.235700
 -1.386294 -1.386294 -1.386294 -1.386294
 -1.386294 -1.386294 -1.386294 -1.386294
 -1.386294 -1.386294 -1.386294 -1.386294
 -13.235700 -13.235700 -13.235700 -0.000005
 -1.386294 -1.386294 -1.386294 -1.386294
 -1.386294 -1.386294 -1.386294 -1.386294
 -1.386294 -1.386294 -1.386294 -1.386294
 -1.386294 -1.386294 -1.386294 -1.386294
 -0.000005 -13.235700 -13.235700 -13.235700
 -1.828123 -1.192140 -1.945905 -0.934312
 -1.386294 -1.386294 -1.386294 -1.386294
 -1.386294 -1.386294 -1.386294 -1.386294
 -1.386294 -1.386294 -1.386294 -1.386294
 -11.407610 -11.407610 -0.000033 -11.407610
 -12.043577 -12.043577 -0.000018 -12.043577
 -11.289832 -11.289832 -0.000038 -11.289832
 -12.301401 -12.301401 -0.000014 -12.301401
 -1.386294 -1.386294 -1.386294 -1.386294
 -1.386294 -1.386294 -1.386294 -1.386294
 -13.235700 -13.235700 -13.235700 -0.000005
 -1.386294 -1.386294 -1.386294 -1.386294
 -1.386294 -1.386294 -1.386294 -1.386294
 -1.386294 -1.386294 -1.386294 -1.386294
 -1.386294 -1.386294 -1.386294 -1.386294
 -13.235700 -13.235700 -13.235700 -0.000005
 -1.386294 -1.386294 -1.386294 -1.386294
 -1.386294 -1.386294 -1.386294 -1.386294
 -1.386294 -1.386294 -1.386294 -1.386294
 -2.415901 -1.080915 -1.134982 -1.386294
 -10.819859 -0.223199 -10.819859 -1.609418
 -1.845814 -0.998536 -1.152684 -1.845814
 -1.504075 -1.791748 -1.280936 -1.098618
 -2.638986 -2.638986 -0.693161 -1.029628
 -2.079391 -0.470034 -2.079391 -2.079391
 -1.321757 -1.321757 -1.098619 -2.014880
 -1.504075 -1.098618 -2.197197 -1.098618
 -2.014880 -11.918417 -0.916301 -0.762152
 -1.704734 -0.788474 -1.011612 -11.608273
 -0.628623 -1.098619 -2.014880 -11.918417
 -1.252767 -1.029628 -1.540440 -1.945889
 -2.079417 -1.386294 -0.980838 -1.386294
