 -1.386294 0.000100 0.000100 0.000100
 -1.237449 0.000100 0.000100 0.000100
 -1.511046 0.000100 0.000100 0.000100
 -1.430466 0.000100 0.000100 0.000100
 -1.374024 -1.155771 -1.952100 -1.237449
 -1.452252 -1.344622 -1.407801 -1.344622
 -1.249273 -1.112698 -1.827349 -1.497108
 -1.907929 -1.305756 -1.172225 -1.305756
 -1.153799 -1.219757 -1.912902 -1.420427
 -1.391599 -1.234414 -1.807759 -1.216396
 -1.475906 -0.916292 -1.997201 -1.445135
 -1.552279 -1.307157 -1.184555 -1.552279
 -1.280934 -1.117305 -1.755391 -1.504077
 -1.333013 -1.176171 -2.084427 -1.192431
 -1.386294 -0.888457 -1.775758 -1.775758
 -1.615668 -1.297215 -1.320204 -1.343735
 -1.130161 -1.417843 -1.714108 -1.367832
 -1.321756 -1.518466 -1.658228 -1.127600
 -1.265667 -1.206826 -1.766440 -1.394878
 -1.361602 -1.337504 -1.203973 -1.707877
 -1.353859 -0.999315 -1.836710 -1.540445
 -1.653608 -1.424035 -1.450010 -1.098613
 -1.364633 -1.158781 -1.741926 -1.364633
 -1.562645 -1.333804 -1.129010 -1.591633
 -1.283641 -1.026921 -1.778335 -1.629916
 -1.478500 -1.895393 -1.736329 -0.808344
 -1.084914 -1.084914 -1.841238 -1.798679
 -1.476678 -1.532248 -1.237449 -1.326396
 -1.530745 -0.952010 -1.883566 -1.403994
 -1.305326 -1.646251 -1.744691 -1.017644
 -1.394076 -0.947790 -2.151759 -1.394076
 -1.160956 -1.908168 -1.093133 -1.593088
 -1.047320 -0.864998 -2.251289 -2.097139
 -1.609437 -1.638425 -1.945908 -0.770338
 -1.319849 -0.732064 -2.236136 -1.930756
 -1.190420 -1.615302 -1.014530 -2.006167
 -1.442806 -0.588887 -3.412233 -1.738270
 -1.879218 -1.847469 -2.222161 -0.542522
 -1.560247 -0.559618 -2.699673 -1.888749
 -1.504077 -1.208614 -1.185624 -1.750936
 -1.237612 -0.849847 -2.929276 -1.474000
 -1.859581 -2.278290 -2.501433 -0.415765
 -0.531882 -1.386294 -2.436107 -2.590255
 -1.088303 -1.796953 -1.151817 -1.707341
 -0.987947 -1.002336 -2.403225 -1.770705
 -1.489151 -1.279431 -1.594512 -1.226788
 -0.725238 -1.558144 -2.607957 -1.462834
 -0.903443 -1.709067 -1.227230 -2.114531
 -0.885520 -0.905929 -3.401186 -1.897119
 -1.134981 -1.339774 -1.828126 -1.362764
 -0.790141 -1.195605 -2.140062 -2.071070
 -2.230837 -0.844548 -1.751267 -1.240443
 -14.603970 -0.451986 -2.560410 -1.250493
 -14.644064 -1.322848 -1.322848 -0.760894
 -13.458841 -0.847300 -1.609436 -0.990401
 -14.070156 -1.170933 -1.248895 -0.908570
 -1.386294 -1.386294 -1.386294 -1.386294
 -14.812461 -0.000001 -14.812461 -14.812461
 -14.070156 -0.000003 -14.070156 -14.070156
 -14.723771 -0.000001 -14.723771 -14.723771
 -1.386294 -1.386294 -1.386294 -1.386294
 -1.518064 -1.185624 -1.764360 -1.190687
 -1.386294 -1.386294 -1.386294 -1.386294
 -1.386294 -1.386294 -1.386294 -1.386294
 -1.218158 -1.043805 -2.247773 -1.400479
 -1.650680 -1.145133 -1.599387 -1.245216
 -1.377326 -1.243795 -2.224619 -1.045970
 -2.025105 -0.965716 -1.756842 -1.156070
 -1.314321 -1.026640 -2.332886 -1.286922
 -1.756041 -1.062895 -1.586965 -1.282754
 -1.619387 -1.181134 -1.570597 -1.247825
 -2.490097 -0.730092 -1.679171 -1.391489
 -1.655957 -0.871840 -2.754560 -1.116962
 -1.706766 -1.143981 -1.684787 -1.156720
 -1.343735 -0.938271 -2.179979 -1.449095
 -2.525724 -1.021652 -1.668278 -0.990399
 -1.564986 -1.011602 -2.215569 -1.145133
 -1.644375 -1.020222 -1.666848 -1.356694
 -1.704747 -0.984203 -1.956059 -1.193923
 -2.437501 -0.753166 -1.716957 -1.338892
 -1.210404 -1.006806 -4.644295 -1.118031
 -1.839387 -0.937840 -1.746296 -1.290280
 -1.453953 -0.983951 -2.593379 -1.146469
 -2.297011 -0.967879 -1.403196 -1.295566
 -1.134015 -1.449095 -3.358616 -0.894786
 -1.702725 -1.218929 -2.108189 -0.914269
 -1.326871 -0.974051 -2.020015 -1.493925
 -2.751529 -0.682566 -2.292000 -1.109308
 -0.628610 -1.290985 -2.995719 -1.954276
 -1.142673 -1.640074 -1.027897 -2.045538
 -1.245216 -0.893820 -1.624704 -2.243736
 -1.587931 -1.068632 -1.430746 -1.546259
 -14.528462 -0.000002 -14.528462 -14.528462
 -14.425279 -0.000002 -14.425279 -14.425279
 -14.266589 -0.000002 -14.266589 -14.266589
 -13.845074 -0.000003 -13.845074 -13.845074
 -1.386294 -1.386294 -1.386294 -1.386294
 -0.000001 -15.684232 -15.684232 -15.684232
 -1.386294 -1.386294 -1.386294 -1.386294
 -1.386294 -1.386294 -1.386294 -1.386294
 -15.684232 -15.684232 -0.000000 -15.684232
 -1.386294 -1.386294 -1.386294 -1.386294
 -1.386294 -1.386294 -1.386294 -1.386294
 -1.386294 -1.386294 -1.386294 -1.386294
 -1.386294 -1.386294 -1.386294 -1.386294
 -1.386294 -1.386294 -1.386294 -1.386294
 -1.404987 -1.443453 -1.150881 -1.598693
 -1.386294 -1.386294 -1.386294 -1.386294
 -1.513556 -1.240263 -1.542543 -1.284715
 -2.140063 -1.060147 -1.629240 -1.079195
 -1.609437 -0.892194 -1.955713 -1.391184
 -2.102605 -1.161626 -1.068536 -1.507901
 -1.299283 -0.893819 -2.302580 -1.522426
 -1.422662 -1.221992 -1.540445 -1.386294
 -1.526056 -1.263692 -1.238375 -1.559957
 -2.226042 -0.826680 -1.456912 -1.506922
 -1.337943 0.000100 0.000100 0.000100
 -1.216666 0.000100 0.000100 0.000100
 -1.419199 0.000100 0.000100 0.000100
 -1.611985 0.000100 0.000100 0.000100
 -1.521558 -1.216002 -1.194165 -1.702327
 -1.552685 -1.097111 -1.439646 -1.525670
 -1.324125 -1.121749 -1.441414 -1.762231
 -2.201697 -0.858840 -1.349062 -1.578676
 -1.605134 -1.154684 -1.213051 -1.678299
 -1.469334 -1.129384 -1.344171 -1.682367
 -1.481113 -0.993694 -1.446059 -1.790286
 -2.138925 -0.871626 -1.246745 -1.734384
 -1.284349 -1.293513 -1.544663 -1.446130
 -1.317747 -1.305016 -1.399927 -1.539543
 -1.139702 -1.234119 -1.498613 -1.798452
 -1.766548 -1.050836 -1.387714 -1.470601
 -1.514888 -1.225306 -1.166070 -1.743482
 -1.532542 -1.120693 -1.393087 -1.562303
 -1.327268 -1.096172 -1.473602 -1.762865
 -2.271638 -0.887565 -1.317037 -1.526606
 -1.580096 -1.143008 -1.212487 -1.727492
 -1.464327 -1.171560 -1.340941 -1.623111
 -1.397649 -1.015452 -1.456695 -1.847830
 -2.243745 -0.832152 -1.276595 -1.715677
 -1.247378 -1.369467 -1.472941 -1.472941
 -1.283410 -1.310007 -1.432433 -1.540082
 -1.249765 -1.229026 -1.437297 -1.696733
 -1.835599 -0.955512 -1.400935 -1.563031
 -1.531537 -1.273349 -1.144296 -1.684936
 -1.592450 -1.101218 -1.430411 -1.492113
 -1.347485 -1.097543 -1.480429 -1.721057
 -2.230747 -0.858759 -1.365750 -1.543298
 -1.631276 -1.084732 -1.238883 -1.733754
 -1.445979 -1.092985 -1.398407 -1.702212
 -1.412771 -1.006972 -1.437138 -1.873391
 -2.202291 -0.845720 -1.287144 -1.692037
 -1.244708 -1.360199 -1.488033 -1.471639
 -1.270013 -1.331185 -1.424372 -1.540153
 -1.264372 -1.223481 -1.434593 -1.686497
 -1.891170 -1.002870 -1.369268 -1.478467
 -1.537515 -1.262715 -1.186202 -1.625458
 -1.494527 -1.157212 -1.408827 -1.528530
 -1.377829 -1.080969 -1.449912 -1.748602
 -2.258055 -0.869614 -1.285498 -1.610337
 -1.623309 -1.128807 -1.286837 -1.593597
 -1.449490 -1.109320 -1.410550 -1.652775
 -1.416286 -1.050543 -1.438308 -1.770136
 -2.231237 -0.863833 -1.298319 -1.619131
 -1.216941 -1.383804 -1.548373 -1.424418
 -1.249696 -1.454719 -1.374439 -1.482979
 -1.220433 -1.267235 -1.452934 -1.663866
 -1.847281 -1.082309 -1.324191 -1.437570
 -17.550081 -1.086977 -0.879250 -1.395653
 -17.561007 -0.991835 -1.193710 -1.120828
 -17.455988 -0.900928 -1.126821 -1.310277
 -17.369143 -0.835632 -1.234190 -1.289788
 -1.386294 -1.386294 -1.386294 -1.386294
 -17.917328 0.000000 -17.917328 -17.917328
 -17.780695 0.000000 -17.780695 -17.780695
 -17.601290 0.000000 -17.601290 -17.601290
 -1.386294 -1.386294 -1.386294 -1.386294
 -1.306452 -1.351609 -1.455878 -1.438843
 -1.386294 -1.386294 -1.386294 -1.386294
 -1.386294 -1.386294 -1.386294 -1.386294
 -1.291796 -1.459860 -1.135450 -1.762141
 -1.483769 -1.217163 -1.333185 -1.544055
 -1.235461 -1.136405 -1.546554 -1.740984
 -2.232699 -0.916291 -1.282974 -1.534564
 -1.677448 -1.083000 -1.136699 -1.872786
 -1.449750 -1.043993 -1.423797 -1.757200
 -1.480853 -0.986484 -1.438379 -1.817945
 -2.352032 -0.750209 -1.341058 -1.766163
 -1.243019 -1.386294 -1.430331 -1.503914
 -1.210670 -1.404463 -1.384781 -1.579273
 -1.232699 -1.257995 -1.405903 -1.719665
 -1.836631 -1.112566 -1.304299 -1.424746
 -1.538262 -1.314464 -1.110154 -1.676008
 -1.563453 -1.152758 -1.410587 -1.466102
 -1.311896 -1.149424 -1.475525 -1.686247
 -2.167984 -0.894056 -1.335307 -1.544020
 -1.647487 -1.036990 -1.281242 -1.741516
 -1.499946 -1.071197 -1.436623 -1.626937
 -1.498976 -0.929821 -1.496849 -1.844005
 -2.317349 -0.803474 -1.274035 -1.748732
 -1.265968 -1.448997 -1.419726 -1.421101
 -1.254017 -1.410318 -1.379298 -1.519491
 -1.255302 -1.219474 -1.411976 -1.737479
 -1.828287 -1.041454 -1.311674 -1.527851
 -1.663694 -1.182721 -1.056628 -1.854749
 -1.890040 -0.997966 -1.411636 -1.441547
 -1.498266 -1.003210 -1.399046 -1.814313
 -2.113291 -0.851003 -1.484187 -1.489492
 -17.118361 0.000000 -17.118361 -17.118361
 -17.863287 0.000000 -17.863287 -17.863287
 -17.557220 0.000000 -17.557220 -17.557220
 -17.237164 0.000000 -17.237164 -17.237164
 -1.386294 -1.386294 -1.386294 -1.386294
 0.000000 -18.873348 -18.873348 -18.873348
 -1.386294 -1.386294 -1.386294 -1.386294
 -1.386294 -1.386294 -1.386294 -1.386294
 -18.873348 -18.873348 0.000000 -18.873348
 -1.386294 -1.386294 -1.386294 -1.386294
 -1.386294 -1.386294 -1.386294 -1.386294
 -1.386294 -1.386294 -1.386294 -1.386294
 -1.386294 -1.386294 -1.386294 -1.386294
 -1.386294 -1.386294 -1.386294 -1.386294
 -1.556794 -0.868334 -1.551079 -1.848204
 -1.386294 -1.386294 -1.386294 -1.386294
 -1.289477 -1.342328 -1.461122 -1.463726
 -1.263657 -1.371702 -1.440311 -1.483455
 -1.168806 -1.205173 -1.565143 -1.711671
 -1.853798 -1.042868 -1.381863 -1.427924
 -1.472225 -1.242464 -1.219643 -1.678907
 -1.545140 -1.107949 -1.456713 -1.498427
 -1.297003 -1.071858 -1.544745 -1.766606
 -2.216779 -0.907658 -1.329008 -1.501336
