 -1.470852 0.000100 0.000100 0.000100
 -1.353069 0.000100 0.000100 0.000100
 -1.277561 0.000100 0.000100 0.000100
 -1.456253 0.000100 0.000100 0.000100
 -1.357307 -1.386294 -1.511457 -1.301737
 -1.341559 -1.180291 -1.446919 -1.629240
 -0.916292 -1.495027 -1.738649 -1.609437
 -1.836210 -1.400893 -1.289668 -1.143065
 -1.356081 -1.430188 -1.201930 -1.597242
 -1.386294 -1.310309 -1.239691 -1.656584
 -1.083687 -1.489151 -1.558144 -1.489151
 -1.750936 -1.098613 -1.306252 -1.504077
 -1.399717 -1.203973 -1.399717 -1.576648
 -1.324926 -1.055263 -1.730389 -1.566087
 -1.104882 -1.183354 -1.779336 -1.641186
 -1.987066 -1.036093 -1.452986 -1.293921
 -1.393028 -1.219757 -1.745849 -1.266277
 -1.311447 -1.202248 -1.707341 -1.391489
 -1.212272 -1.132230 -1.660295 -1.660295
 -2.087221 -0.947790 -1.394076 -1.425825
 -1.581463 -1.187560 -1.514772 -1.311174
 -1.125140 -1.191831 -1.818285 -1.563394
 -1.352393 -1.116005 -1.757856 -1.421386
 -1.878769 -0.999522 -1.306252 -1.568615
 -1.528857 -1.178656 -1.225175 -1.704747
 -1.268512 -1.407348 -1.473305 -1.407348
 -1.184873 -1.082219 -2.087737 -1.463586
 -1.545359 -1.275069 -1.301737 -1.446919
 -1.167133 -1.551543 -2.072838 -1.046989
 -1.472237 -1.398129 -1.580450 -1.146815
 -0.919922 -1.559957 -1.931519 -1.400893
 -1.306830 -1.632252 -1.393842 -1.252763
 -1.284330 -1.538563 -2.231708 -0.913471
 -1.640936 -1.304465 -1.563975 -1.122144
 -1.271632 -1.271632 -2.274928 -1.089311
 -1.968508 -1.358745 -1.358745 -1.060252
 -0.908570 -1.681758 -1.098613 -2.557220
 -1.266277 -2.519034 -1.132746 -1.153799
 -0.557194 -2.688808 -1.302525 -2.437497
 -1.291415 -2.953956 -0.598269 -2.093760
 -2.712795 -0.227895 -3.965541 -2.132980
 -1.591087 -0.897944 -1.686396 -1.591087
 -2.894630 -0.117253 -4.360941 -3.156992
 -1.477266 -0.589965 -1.688574 -3.423147
 -0.899486 -1.033017 -2.978899 -1.679640
 -3.711344 -3.624334 -5.416051 -0.057159
 -0.435325 -1.916914 -2.427727 -2.140053
 -2.793183 -1.589233 -1.945904 -0.524529
 -2.014897 -0.456762 -2.302575 -2.014897
 -1.037990 -1.306252 -1.568614 -1.791755
 -0.762152 -1.609431 -1.098619 -11.918417
 -0.582259 -2.783304 -1.056853 -3.442547
 -0.000001 -14.893922 -14.893922 -14.893922
 -0.000004 -13.629186 -13.629186 -13.629186
 -0.000002 -14.425279 -14.425279 -14.425279
 -0.000010 -12.644341 -12.644341 -12.644341
 -15.593848 -0.000001 -15.593848 -15.593848
 -1.386294 -1.386294 -1.386294 -1.386294
 -1.386294 -1.386294 -1.386294 -1.386294
 -1.386294 -1.386294 -1.386294 -1.386294
 -1.386294 -1.386294 -1.386294 -1.386294
 -1.080202 -1.308333 -1.917598 -1.413693
 -1.386294 -1.386294 -1.386294 -1.386294
 -1.386294 -1.386294 -1.386294 -1.386294
 -1.144422 -1.277953 -2.045207 -1.295972
 -1.104882 -1.203973 -1.984129 -1.464256
 -1.098613 -1.247033 -1.980998 -1.421386
 -1.673975 -1.037988 -1.673975 -1.306252
 -1.464412 -1.241269 -1.542373 -1.324650
 -1.637608 -1.034074 -1.408767 -1.582039
 -1.170072 -1.170072 -1.980998 -1.421386
 -2.190664 -1.092056 -1.262681 -1.310309
 -1.643628 -1.195605 -2.214170 -0.928977
 -1.568616 -1.067841 -1.791758 -1.268512
 -1.580450 -1.223776 -1.734600 -1.128466
 -1.980999 -1.421386 -1.064711 -1.287855
 -1.377326 -1.308333 -2.070469 -1.045970
 -1.620801 -1.284330 -1.843944 -1.001763
 -1.252763 -1.313388 -1.688080 -1.345136
 -2.001478 -1.250064 -1.231372 -1.250064
 -1.668526 -1.090450 -2.319109 -0.975381
 -1.665878 -1.129575 -1.767661 -1.148623
 -1.107124 -1.592630 -1.826244 -1.187166
 -1.869145 -0.932378 -1.452252 -1.522870
 -1.668526 -1.193104 -2.606789 -0.833731
 -1.673976 -1.197053 -1.999397 -0.980830
 -1.267434 -1.108369 -2.437497 -1.200742
 -2.331569 -0.834054 -2.220344 -1.021652
 -0.576425 -1.395864 -3.044506 -1.945907
 -1.060331 -1.685423 -1.195876 -1.796648
 -1.052094 -1.435084 -1.435084 -1.745237
 -1.560430 -1.154966 -1.098613 -1.955083
 -14.498610 -0.000002 -14.498610 -14.498610
 -14.207556 -0.000002 -14.207556 -14.207556
 -14.253768 -0.000002 -14.253768 -14.253768
 -13.721204 -0.000003 -13.721204 -13.721204
 -1.386294 -1.386294 -1.386294 -1.386294
 -0.000001 -15.593848 -15.593848 -15.593848
 -1.386294 -1.386294 -1.386294 -1.386294
 -1.386294 -1.386294 -1.386294 -1.386294
 -15.593848 -15.593848 -0.000001 -15.593848
 -1.386294 -1.386294 -1.386294 -1.386294
 -1.386294 -1.386294 -1.386294 -1.386294
 -1.386294 -1.386294 -1.386294 -1.386294
 -1.386294 -1.386294 -1.386294 -1.386294
 -1.386294 -1.386294 -1.386294 -1.386294
 -1.295910 -1.579485 -1.085189 -1.701375
 -1.386294 -1.386294 -1.386294 -1.386294
 -1.374024 -1.080264 -1.909541 -1.349927
 -1.808287 -1.370034 -1.370034 -1.115142
 -1.203973 -1.328026 -1.687399 -1.386294
 -2.284230 -1.098613 -1.185624 -1.349927
 -1.245216 -1.219241 -1.791758 -1.386294
 -1.336145 -1.037652 -1.668278 -1.638425
 -1.331806 -1.114743 -1.650259 -1.532476
 -1.897118 -0.900787 -1.548813 -1.464256
 -1.349852 0.000100 0.000100 0.000100
 -1.224926 0.000100 0.000100 0.000100
 -1.316152 0.000100 0.000100 0.000100
 -1.721617 0.000100 0.000100 0.000100
 -1.216143 -1.423259 -1.435891 -1.492551
 -1.382742 -1.259458 -1.452495 -1.463967
 -1.149598 -1.349927 -1.456959 -1.655308
 -2.062049 -0.959614 -1.403994 -1.409964
 -1.669936 -1.152680 -1.127362 -1.759884
 -1.578610 -1.074054 -1.373485 -1.614978
 -1.486029 -0.977157 -1.481163 -1.772087
 -2.274611 -0.816264 -1.360622 -1.616555
 -1.366548 -1.372150 -1.235813 -1.605173
 -1.248837 -1.367867 -1.340165 -1.626027
 -1.179392 -1.301578 -1.368767 -1.795696
 -1.852913 -1.001763 -1.284329 -1.613684
 -1.287730 -1.378358 -1.354919 -1.541109
 -1.377926 -1.233345 -1.495709 -1.458895
 -1.248868 -1.215420 -1.427116 -1.733951
 -1.972429 -1.034591 -1.335277 -1.417066
 -1.712207 -1.058045 -1.264509 -1.660619
 -1.624637 -1.025900 -1.493925 -1.513886
 -1.443453 -0.972319 -1.518605 -1.791759
 -2.341074 -0.829990 -1.242463 -1.720090
 -1.363436 -1.241269 -1.509148 -1.451990
 -1.313474 -1.396744 -1.248614 -1.625505
 -1.354546 -1.177615 -1.362643 -1.726311
 -1.789023 -1.055710 -1.231752 -1.644284
 -1.351609 -1.483960 -1.260817 -1.465268
 -1.312315 -1.312315 -1.464231 -1.468145
 -1.113340 -1.236330 -1.544351 -1.785928
 -1.826662 -1.021212 -1.394241 -1.465897
 -1.659731 -0.977166 -1.323259 -1.788761
 -1.513371 -1.024637 -1.505003 -1.615004
 -1.352393 -0.938629 -1.601923 -1.905778
 -2.444181 -0.761442 -1.313235 -1.730128
 -1.353024 -1.297030 -1.306981 -1.621691
 -1.337788 -1.283721 -1.300609 -1.670228
 -1.225749 -1.192718 -1.409564 -1.840002
 -1.695766 -1.143201 -1.274040 -1.523053
 -1.214606 -1.546949 -1.275015 -1.556610
 -1.358725 -1.481785 -1.324239 -1.387196
 -1.044236 -1.321756 -1.556920 -1.768502
 -1.843052 -1.208613 -1.181089 -1.443453
 -1.739703 -0.933616 -1.218067 -1.998811
 -1.688513 -0.775657 -1.455136 -2.108366
 -1.410489 -0.869115 -1.509070 -2.158157
 -2.361095 -0.756800 -1.394795 -1.667949
 -1.337644 -1.343246 -1.173172 -1.788831
 -1.099216 -1.628939 -1.147463 -1.875430
 -1.174488 -1.413809 -1.237227 -1.847568
 -2.127853 -0.923881 -1.147025 -1.793651
 -0.000000 -16.204273 -16.204273 -16.204273
 -0.000000 -16.062584 -16.062584 -16.062584
 -0.000000 -16.286150 -16.286150 -16.286150
 -0.000001 -15.618870 -15.618870 -15.618870
 -17.459915 0.000000 -17.459915 -17.459915
 -1.386294 -1.386294 -1.386294 -1.386294
 -1.386294 -1.386294 -1.386294 -1.386294
 -1.386294 -1.386294 -1.386294 -1.386294
 -1.386294 -1.386294 -1.386294 -1.386294
 -1.265785 -1.268569 -1.354905 -1.721617
 -1.386294 -1.386294 -1.386294 -1.386294
 -1.386294 -1.386294 -1.386294 -1.386294
 -1.221739 -1.594718 -1.175647 -1.641456
 -1.360605 -1.328517 -1.349794 -1.517174
 -0.981167 -1.401609 -1.510175 -1.844814
 -1.765784 -1.043161 -1.434208 -1.434208
 -1.776155 -1.009291 -1.223590 -1.759895
 -1.525045 -0.984886 -1.548575 -1.627824
 -1.520833 -0.850997 -1.582611 -1.903518
 -2.348108 -0.795024 -1.291460 -1.725913
 -1.369003 -1.363305 -1.286765 -1.543356
 -1.209646 -1.335393 -1.381086 -1.674847
 -1.354944 -1.174682 -1.295046 -1.837370
 -1.844321 -1.026012 -1.251258 -1.623085
 -1.346289 -1.334593 -1.304056 -1.584248
 -1.364865 -1.347351 -1.469048 -1.368405
 -1.149751 -1.343246 -1.527817 -1.583387
 -1.899453 -1.050822 -1.384897 -1.384897
 -1.683308 -0.960063 -1.307920 -1.826408
 -1.607558 -1.005271 -1.447389 -1.616992
 -1.423868 -0.988815 -1.479438 -1.836112
 -2.376339 -0.814952 -1.328372 -1.611734
 -1.314241 -1.445483 -1.262146 -1.548137
 -1.196612 -1.512846 -1.337152 -1.537539
 -1.287461 -1.235597 -1.318351 -1.797020
 -1.879828 -1.057325 -1.210779 -1.599315
 -1.344398 -1.263769 -1.256751 -1.759451
 -1.663450 -1.163151 -1.447663 -1.335994
 -1.327018 -1.105314 -1.457471 -1.767253
 -1.677031 -0.956296 -1.670062 -1.424940
 -15.983421 -0.000000 -15.983421 -15.983421
 -16.333208 -0.000000 -16.333208 -16.333208
 -16.024883 -0.000000 -16.024883 -16.024883
 -15.896202 -0.000000 -15.896202 -15.896202
 -1.386294 -1.386294 -1.386294 -1.386294
 0.000000 -17.459915 -17.459915 -17.459915
 -1.386294 -1.386294 -1.386294 -1.386294
 -1.386294 -1.386294 -1.386294 -1.386294
 -17.459915 -17.459915 -0.000000 -17.459915
 -1.386294 -1.386294 -1.386294 -1.386294
 -1.386294 -1.386294 -1.386294 -1.386294
 -1.386294 -1.386294 -1.386294 -1.386294
 -1.386294 -1.386294 -1.386294 -1.386294
 -1.386294 -1.386294 -1.386294 -1.386294
 -1.607088 -0.792543 -1.680094 -1.829580
 -1.386294 -1.386294 -1.386294 -1.386294
 -1.374629 -1.230841 -1.354220 -1.625207
 -1.300053 -1.372533 -1.297937 -1.604830
 -1.271164 -1.144532 -1.488077 -1.741167
 -1.710464 -1.101875 -1.255209 -1.599713
 -1.260469 -1.395549 -1.387318 -1.518511
 -1.444636 -1.229275 -1.456332 -1.433076
 -1.094648 -1.305259 -1.459410 -1.820981
 -1.749868 -1.030154 -1.475739 -1.424446
