 -1.245389 0.000100 0.000100 0.000100
 -1.268511 0.000100 0.000100 0.000100
 -1.482921 0.000100 0.000100 0.000100
 -1.589893 0.000100 0.000100 0.000100
 -1.175802 -1.527200 -1.380596 -1.501224
 -1.357474 -1.478102 -1.249843 -1.478102
 -1.371906 -1.056054 -1.749199 -1.493266
 -1.729238 -1.452986 -1.059082 -1.419084
 -1.488077 -1.405839 -1.354546 -1.305756
 -1.230290 -1.399366 -1.481604 -1.453434
 -1.032123 -1.290984 -1.673976 -1.707877
 -1.990033 -1.379126 -0.983231 -1.437966
 -1.336284 -1.360977 -1.412270 -1.438938
 -1.193278 -1.609437 -1.459906 -1.329853
 -1.318576 -1.124421 -1.590509 -1.590509
 -1.997201 -1.252763 -1.157453 -1.330725
 -1.420427 -1.197284 -1.569959 -1.393028
 -1.450010 -1.450010 -1.561235 -1.136353
 -1.139435 -1.321756 -1.455287 -1.714797
 -1.771555 -1.406914 -1.020141 -1.493925
 -1.406914 -1.352847 -1.589235 -1.229233
 -1.457986 -1.457986 -1.634916 -1.079921
 -1.060147 -1.246249 -1.811561 -1.596450
 -1.477586 -1.393028 -1.242747 -1.448598
 -1.361602 -0.932040 -2.130732 -1.464256
 -1.553348 -1.386294 -1.553348 -1.118031
 -1.492516 -0.799371 -1.724317 -1.915371
 -1.538402 -1.597242 -0.982877 -1.567389
 -1.631416 -0.866812 -1.882729 -1.461518
 -1.273706 -1.895393 -1.599128 -1.000011
 -1.275069 -0.905323 -1.777159 -1.916921
 -1.337842 -1.690662 -1.016935 -1.652922
 -1.494508 -0.955512 -1.553348 -1.717651
 -1.945908 -1.828126 -1.828126 -0.624156
 -1.091178 -0.872489 -2.007465 -2.189786
 -1.203973 -1.752538 -0.916292 -2.066194
 -1.072121 -0.909603 -2.519034 -1.745849
 -1.994403 -1.695911 -2.239524 -0.555189
 -0.956963 -0.919922 -2.624661 -1.931519
 -1.034897 -1.888385 -1.092056 -1.845825
 -0.964391 -0.950003 -3.001263 -1.701989
 -1.695911 -1.695911 -2.357306 -0.619040
 -0.726672 -1.620487 -2.208269 -1.566420
 -1.246793 -1.684006 -1.333804 -1.333804
 -1.098613 -0.926763 -2.079439 -1.925289
 -1.249436 -1.297063 -1.427116 -1.609437
 -0.608250 -1.884538 -1.804496 -1.971549
 -1.026417 -2.186584 -0.824390 -2.397892
 -1.448072 -0.575877 -2.981995 -1.883389
 -1.226446 -1.427116 -1.643339 -1.297063
 -1.379864 -0.554790 -2.846192 -2.153050
 -2.056448 -1.122144 -1.409825 -1.196252
 -3.184960 -0.607287 -2.674141 -1.064711
 -2.358672 -1.832581 -2.844178 -0.375025
 -2.051265 -1.070443 -2.051265 -0.916293
 -2.131624 -1.336698 -1.635189 -0.858663
 -13.217681 -13.217681 -0.000005 -13.217681
 -14.392126 -14.392126 -0.000002 -14.392126
 -13.270790 -13.270790 -0.000005 -13.270790
 -14.969243 -14.969243 -0.000001 -14.969243
 -1.386294 -1.386294 -1.386294 -1.386294
 -1.386294 -1.386294 -1.386294 -1.386294
 -0.726595 -1.597990 -2.147494 -1.622683
 -1.386294 -1.386294 -1.386294 -1.386294
 -2.217842 -0.541917 -2.548082 -1.464072
 -1.516347 -1.174599 -1.554087 -1.346449
 -1.218158 -1.266948 -1.490090 -1.623621
 -2.014900 -1.149906 -1.321756 -1.261132
 -1.345473 -1.098613 -3.178033 -1.009001
 -1.310583 -1.243443 -1.716047 -1.338754
 -1.439216 -1.242507 -1.935651 -1.108976
 -2.052771 -1.236013 -1.236013 -1.236013
 -1.270913 -1.245595 -2.369520 -1.084327
 -1.342809 -1.342809 -1.666596 -1.241713
 -1.324052 -1.002470 -2.052287 -1.433251
 -2.302582 -1.003303 -1.386294 -1.261131
 -1.393842 -1.129150 -1.999975 -1.226788
 -1.434049 -1.525020 -1.679171 -1.028584
 -1.444563 -1.229452 -1.773066 -1.197704
 -2.125959 -1.320337 -1.456912 -0.965792
 -1.570217 -1.217396 -2.055722 -0.999673
 -1.692552 -1.142507 -1.726453 -1.142507
 -1.326191 -1.230881 -1.731654 -1.326191
 -1.965421 -1.028654 -1.526056 -1.255182
 -1.107347 -1.412727 -2.442341 -1.081371
 -1.722766 -1.167241 -2.059237 -0.960627
 -1.036920 -1.704747 -2.135527 -1.062895
 -2.235373 -1.072226 -1.935270 -0.900376
 -0.592344 -1.550597 -2.317848 -1.992428
 -1.042418 -1.626931 -0.948600 -2.755389
 -0.791130 -2.014898 -1.059393 -2.708035
 -1.239691 -1.318472 -1.138887 -2.097139
 -14.665664 -0.000001 -14.665664 -14.665664
 -14.100693 -0.000002 -14.100693 -14.100693
 -14.397729 -0.000002 -14.397729 -14.397729
 -13.337481 -0.000005 -13.337481 -13.337481
 -1.386294 -1.386294 -1.386294 -1.386294
 -0.000001 -15.620516 -15.620516 -15.620516
 -1.386294 -1.386294 -1.386294 -1.386294
 -1.386294 -1.386294 -1.386294 -1.386294
 -15.620516 -15.620516 -0.000000 -15.620516
 -1.386294 -1.386294 -1.386294 -1.386294
 -1.386294 -1.386294 -1.386294 -1.386294
 -1.386294 -1.386294 -1.386294 -1.386294
 -1.386294 -1.386294 -1.386294 -1.386294
 -1.386294 -1.386294 -1.386294 -1.386294
 -1.200689 -1.542640 -1.157902 -1.765784
 -1.386294 -1.386294 -1.386294 -1.386294
 -1.545924 -1.239195 -1.877280 -1.066352
 -1.977160 -1.203973 -1.609437 -1.017388
 -1.491073 -1.209222 -1.818285 -1.157929
 -1.811176 -1.147884 -1.243194 -1.466337
 -1.504077 -1.073295 -1.871800 -1.265667
 -1.620487 -1.291984 -1.490434 -1.196674
 -1.566878 -1.007264 -1.749198 -1.377636
 -1.802121 -0.977399 -1.461195 -1.483668
 -1.309561 0.000100 0.000100 0.000100
 -1.304006 0.000100 0.000100 0.000100
 -1.434471 0.000100 0.000100 0.000100
 -1.512412 0.000100 0.000100 0.000100
 -1.653394 -1.188057 -1.092614 -1.781121
 -1.605678 -1.060995 -1.447750 -1.523091
 -1.322956 -1.114902 -1.479637 -1.726054
 -2.276721 -0.873942 -1.268026 -1.616010
 -1.578932 -1.278434 -1.119799 -1.666081
 -1.351143 -1.335835 -1.185276 -1.757615
 -1.368451 -1.206718 -1.230779 -1.869138
 -2.140854 -1.028045 -1.052121 -1.739867
 -1.194386 -1.384116 -1.521541 -1.477578
 -1.307780 -1.364627 -1.401351 -1.479110
 -1.126953 -1.280513 -1.478662 -1.771113
 -1.851814 -1.065800 -1.340988 -1.439660
 -1.624201 -1.223557 -1.098612 -1.740597
 -1.577350 -1.041164 -1.455598 -1.574197
 -1.330039 -1.084499 -1.508147 -1.736464
 -2.298042 -0.900480 -1.232062 -1.602066
 -1.573433 -1.308672 -1.069466 -1.718708
 -1.372599 -1.298294 -1.253898 -1.670433
 -1.381411 -1.256665 -1.200419 -1.813353
 -2.033930 -1.061611 -1.097979 -1.662116
 -1.232650 -1.391489 -1.483297 -1.457198
 -1.302613 -1.372262 -1.430482 -1.446244
 -1.174976 -1.273936 -1.457646 -1.722262
 -1.887805 -1.085002 -1.357307 -1.373014
 -1.666916 -1.238171 -1.069857 -1.724849
 -1.602916 -1.080672 -1.424756 -1.519795
 -1.370483 -1.073630 -1.437415 -1.791506
 -2.369126 -0.866670 -1.280279 -1.569598
 -1.576181 -1.258577 -1.134014 -1.674299
 -1.392948 -1.296553 -1.191830 -1.745715
 -1.389357 -1.177673 -1.260438 -1.837344
 -2.111381 -1.061945 -1.038812 -1.718853
 -1.241285 -1.386016 -1.475559 -1.459868
 -1.327304 -1.386697 -1.417771 -1.416111
 -1.120694 -1.281088 -1.488353 -1.769209
 -1.823787 -1.116788 -1.334655 -1.394293
 -1.642117 -1.176993 -1.136805 -1.729441
 -1.648438 -0.969180 -1.538604 -1.543767
 -1.320240 -1.102413 -1.500291 -1.727126
 -2.294102 -0.850877 -1.304794 -1.605051
 -1.560437 -1.190171 -1.130708 -1.814117
 -1.396559 -1.237972 -1.221936 -1.784254
 -1.406797 -1.186324 -1.246948 -1.817993
 -2.187584 -1.011289 -1.055194 -1.737626
 -1.156864 -1.419497 -1.586340 -1.431207
 -1.232365 -1.369410 -1.492343 -1.472743
 -1.027671 -1.339066 -1.582123 -1.745647
 -1.785301 -1.133781 -1.362814 -1.368456
 -1.446767 -1.336586 -1.207702 -1.594324
 -1.550241 -1.104980 -1.496174 -1.458434
 -1.156930 -1.186968 -1.629897 -1.690348
 -2.653462 -0.929719 -1.185624 -1.472406
 -17.370859 -17.370859 -0.000000 -17.370859
 -17.786745 -17.786745 0.000000 -17.786745
 -17.573683 -17.573683 0.000000 -17.573683
 -17.380526 -17.380526 -0.000000 -17.380526
 -1.386294 -1.386294 -1.386294 -1.386294
 -1.386294 -1.386294 -1.386294 -1.386294
 -1.191382 -1.221733 -1.479130 -1.750750
 -1.386294 -1.386294 -1.386294 -1.386294
 -1.595870 -1.318741 -1.038489 -1.738370
 -1.656444 -0.987655 -1.506734 -1.536643
 -1.338863 -1.036188 -1.688513 -1.618188
 -2.070819 -0.854831 -1.431282 -1.562745
 -1.471881 -1.272406 -1.166292 -1.721320
 -1.375910 -1.311888 -1.222350 -1.695311
 -1.334204 -1.180944 -1.270389 -1.904338
 -1.927285 -1.087156 -1.065803 -1.755435
 -1.217870 -1.449018 -1.562346 -1.348244
 -1.268194 -1.384255 -1.505405 -1.401518
 -1.147422 -1.235226 -1.553510 -1.713284
 -1.727615 -1.113443 -1.422338 -1.375487
 -1.660503 -1.321756 -0.999767 -1.741116
 -1.578151 -1.171617 -1.391383 -1.447968
 -1.334178 -1.139777 -1.489371 -1.654326
 -2.212749 -0.988693 -1.223306 -1.494851
 -1.643534 -1.276059 -1.144774 -1.564115
 -1.434702 -1.307415 -1.193253 -1.670984
 -1.404039 -1.166843 -1.249523 -1.855293
 -2.033584 -1.033182 -1.099195 -1.714119
 -1.206080 -1.476337 -1.553348 -1.344692
 -1.341244 -1.501388 -1.365174 -1.345832
 -1.225655 -1.282539 -1.434576 -1.656079
 -1.821371 -1.118030 -1.301164 -1.431048
 -1.746957 -1.172171 -1.015581 -1.872032
 -1.839438 -0.996942 -1.411868 -1.476660
 -1.408229 -1.035554 -1.443105 -1.806663
 -2.085084 -0.885442 -1.398129 -1.531956
 -17.190022 0.000000 -17.190022 -17.190022
 -17.908354 0.000000 -17.908354 -17.908354
 -17.633003 0.000000 -17.633003 -17.633003
 -17.270248 0.000000 -17.270248 -17.270248
 -1.386294 -1.386294 -1.386294 -1.386294
 0.000000 -18.929064 -18.929064 -18.929064
 -1.386294 -1.386294 -1.386294 -1.386294
 -1.386294 -1.386294 -1.386294 -1.386294
 -18.929064 -18.929064 0.000000 -18.929064
 -1.386294 -1.386294 -1.386294 -1.386294
 -1.386294 -1.386294 -1.386294 -1.386294
 -1.386294 -1.386294 -1.386294 -1.386294
 -1.386294 -1.386294 -1.386294 -1.386294
 -1.386294 -1.386294 -1.386294 -1.386294
 -1.458747 -1.041624 -1.353051 -1.856996
 -1.386294 -1.386294 -1.386294 -1.386294
 -1.218564 -1.365306 -1.498403 -1.489186
 -1.317631 -1.413769 -1.349318 -1.471464
 -1.163011 -1.280608 -1.546748 -1.626336
 -1.800270 -1.076140 -1.408102 -1.389381
 -1.553308 -1.308690 -1.092169 -1.699412
 -1.562271 -1.099726 -1.438607 -1.513582
 -1.343523 -1.044465 -1.571058 -1.718305
 -2.132282 -0.923322 -1.303333 -1.548290
