 -1.321756 0.000100 0.000100 0.000100
 -1.231159 0.000100 0.000100 0.000100
 -1.718637 0.000100 0.000100 0.000100
 -1.339148 0.000100 0.000100 0.000100
 -1.352393 -1.287855 -1.618095 -1.319603
 -1.511982 -1.180626 -1.953813 -1.106518
 -1.360977 -1.412270 -1.360977 -1.412270
 -1.478101 -1.403994 -1.478101 -1.209838
 -1.599868 -1.033474 -1.599868 -1.425515
 -1.336698 -1.512588 -1.551808 -1.187166
 -1.207812 -0.910562 -1.900956 -1.900956
 -1.700786 -1.252763 -1.075083 -1.658227
 -1.396245 -1.181134 -1.437066 -1.570597
 -1.234279 -1.496642 -1.719785 -1.184268
 -1.580450 -0.818312 -1.680533 -1.791758
 -1.812377 -1.252763 -1.029621 -1.640527
 -1.247825 -1.088761 -1.670680 -1.670680
 -1.286922 -1.401332 -1.762344 -1.184268
 -1.128466 -1.533930 -1.791758 -1.223776
 -1.694594 -1.326871 -1.217672 -1.366092
 -1.466337 -1.466337 -1.504077 -1.151257
 -1.653889 -1.486835 -1.566878 -0.983733
 -1.110042 -1.181501 -1.432814 -2.079437
 -1.310945 -1.700408 -1.134015 -1.486835
 -1.107830 -1.107830 -2.126395 -1.513294
 -1.149385 -1.437066 -1.907068 -1.213924
 -1.071214 -1.504077 -1.737691 -1.349927
 -1.626679 -1.429969 -1.206826 -1.328187
 -1.556193 -0.826680 -2.018814 -1.519825
 -1.351203 -1.351203 -1.828125 -1.134981
 -1.148624 -1.005523 -2.008820 -1.698667
 -1.395183 -1.261652 -1.395183 -1.508512
 -1.089563 -0.939282 -2.302580 -1.756040
 -1.161792 -1.694595 -1.658227 -1.161792
 -1.308333 -0.870080 -2.106835 -1.665006
 -1.277095 -1.466337 -0.930820 -2.341799
 -1.704747 -0.648697 -2.317848 -1.624705
 -1.570217 -1.461018 -1.832580 -0.916292
 -1.397594 -0.659997 -2.003726 -2.291405
 -1.544197 -1.156433 -1.397594 -1.492904
 -1.215023 -1.076874 -1.871799 -1.566420
 -2.151760 -1.713506 -2.203053 -0.522523
 -0.908858 -1.639742 -2.125244 -1.260254
 -1.252763 -1.658227 -1.321756 -1.358124
 -1.033474 -1.348554 -2.341799 -1.243194
 -1.295781 -1.335001 -1.663504 -1.295781
 -0.976012 -2.154658 -1.931517 -1.015232
 -1.246793 -1.716795 -1.147702 -1.534474
 -0.859539 -1.282395 -1.828937 -1.975540
 -1.241714 -2.553890 -1.132515 -1.167606
 -0.467811 -2.564939 -2.313628 -1.620487
 -1.717650 -1.871800 -0.912028 -1.328187
 -14.297939 -0.000002 -14.297939 -14.297939
 -13.458841 -0.000004 -13.458841 -13.458841
 -13.883173 -0.000003 -13.883173 -13.883173
 -13.774693 -0.000003 -13.774693 -13.774693
 -1.386294 -1.386294 -1.386294 -1.386294
 -15.285687 -15.285687 -15.285687 -0.000001
 -1.386294 -1.386294 -1.386294 -1.386294
 -1.386294 -1.386294 -1.386294 -1.386294
 -1.386294 -1.386294 -1.386294 -1.386294
 -1.386294 -1.386294 -1.386294 -1.386294
 -1.386294 -1.386294 -1.386294 -1.386294
 -1.177506 -1.356847 -1.356847 -1.731540
 -0.179343 -2.499938 -4.204646 -2.700607
 -1.673975 -1.221992 -1.386294 -1.317302
 -0.374696 -2.010446 -2.639048 -2.233588
 -1.858896 -1.510591 -1.124931 -1.208312
 -2.358152 -0.352823 -3.456755 -1.765090
 -1.845824 -1.152681 -1.622682 -1.111859
 -1.578184 -1.052094 -1.945905 -1.198697
 -2.917751 -0.936771 -1.308333 -1.259543
 -1.203974 -1.347074 -1.514127 -1.514127
 -1.222910 -1.193923 -1.916056 -1.364880
 -1.985909 -0.840786 -2.140057 -1.159238
 -2.236829 -0.921158 -1.376633 -1.415853
 -1.319284 -1.524077 -1.670680 -1.118614
 -1.616310 -1.133460 -1.892562 -1.112406
 -1.399366 -1.571216 -1.571216 -1.085710
 -2.224619 -0.948331 -1.765090 -1.098613
 -1.421386 -1.287855 -2.068008 -1.031922
 -1.716535 -1.450833 -1.556193 -0.980830
 -1.497519 -1.286211 -1.765782 -1.111859
 -2.197221 -1.208614 -1.602517 -0.944463
 -1.299283 -1.399366 -2.146575 -1.011603
 -1.679641 -1.033016 -2.468093 -0.986496
 -1.437587 -0.980831 -1.984127 -1.386294
 -1.897118 -0.885520 -1.939678 -1.225027
 -0.716680 -1.276294 -2.151757 -2.151757
 -1.295046 -1.272056 -1.124421 -2.111804
 -0.414948 -1.890845 -2.178523 -2.583980
 -1.602269 -1.150285 -1.245595 -1.638636
 -14.207556 -0.000002 -14.207556 -14.207556
 -13.997835 -0.000003 -13.997835 -13.997835
 -13.883173 -0.000003 -13.883173 -13.883173
 -13.304691 -0.000005 -13.304691 -13.304691
 -1.386294 -1.386294 -1.386294 -1.386294
 -0.000001 -15.285687 -15.285687 -15.285687
 -1.386294 -1.386294 -1.386294 -1.386294
 -1.386294 -1.386294 -1.386294 -1.386294
 -15.285687 -15.285687 -0.000001 -15.285687
 -1.386294 -1.386294 -1.386294 -1.386294
 -1.386294 -1.386294 -1.386294 -1.386294
 -1.386294 -1.386294 -1.386294 -1.386294
 -1.386294 -1.386294 -1.386294 -1.386294
 -1.386294 -1.386294 -1.386294 -1.386294
 -1.177506 -1.620998 -1.133704 -1.757857
 -1.386294 -1.386294 -1.386294 -1.386294
 -1.719785 -1.160171 -2.595248 -0.837398
 -1.815287 -1.158511 -1.563975 -1.158511
 -1.540444 -1.203973 -1.645805 -1.228071
 -2.525717 -1.021653 -1.181995 -1.373049
 -1.045970 -1.126012 -3.205425 -1.259543
 -1.493266 -1.213682 -1.595049 -1.289668
 -1.648657 -0.989415 -1.648657 -1.412270
 -1.757857 -0.882390 -1.885689 -1.339148
 -1.396668 0.000100 0.000100 0.000100
 -1.219105 0.000100 0.000100 0.000100
 -1.447800 0.000100 0.000100 0.000100
 -1.505085 0.000100 0.000100 0.000100
 -1.686602 -1.021312 -1.224182 -1.828014
 -1.595901 -1.013733 -1.473461 -1.583375
 -1.536171 -1.049516 -1.423376 -1.640979
 -2.339540 -0.813485 -1.411554 -1.529919
 -1.542335 -1.323173 -1.276412 -1.423817
 -1.451100 -1.225111 -1.320422 -1.585038
 -1.360576 -1.288982 -1.260306 -1.690817
 -2.083340 -1.049267 -1.183857 -1.517790
 -1.374653 -1.303194 -1.356304 -1.524184
 -1.360210 -1.262185 -1.561988 -1.383740
 -1.171067 -1.215388 -1.532709 -1.729239
 -1.976493 -1.065434 -1.369568 -1.336931
 -1.665154 -1.065427 -1.152169 -1.895077
 -1.560688 -1.043432 -1.509596 -1.528939
 -1.499187 -1.069625 -1.341559 -1.759602
 -2.367123 -0.829233 -1.364218 -1.540445
 -1.434531 -1.197530 -1.361669 -1.591592
 -1.450696 -1.316799 -1.281620 -1.514065
 -1.420561 -1.180823 -1.393054 -1.594156
 -1.960626 -1.094636 -1.199115 -1.500101
 -1.408350 -1.357996 -1.456436 -1.327224
 -1.403389 -1.362843 -1.486021 -1.301829
 -1.211755 -1.240283 -1.524755 -1.632968
 -1.945910 -1.064947 -1.312355 -1.413824
 -1.762530 -1.044991 -1.190644 -1.756376
 -1.527829 -1.065508 -1.491753 -1.544291
 -1.514323 -1.075282 -1.403611 -1.644376
 -2.375422 -0.793013 -1.303078 -1.699082
 -1.366548 -1.355436 -1.240727 -1.619459
 -1.326506 -1.250396 -1.397871 -1.604036
 -1.301868 -1.171902 -1.379541 -1.792728
 -2.123773 -1.073952 -1.175048 -1.469847
 -1.232295 -1.368427 -1.492480 -1.473788
 -1.362921 -1.389678 -1.349806 -1.445442
 -1.188107 -1.248539 -1.467592 -1.727103
 -1.918200 -0.996706 -1.335257 -1.509841
 -1.731655 -1.107501 -1.125520 -1.782949
 -1.663111 -0.962980 -1.464567 -1.621916
 -1.355835 -1.121554 -1.452346 -1.701146
 -2.334597 -0.821193 -1.298117 -1.659688
 -1.507522 -1.357818 -1.204432 -1.507522
 -1.361936 -1.499294 -1.270035 -1.428259
 -1.258005 -1.231601 -1.445020 -1.670181
 -1.907161 -1.105448 -1.330651 -1.362067
 -1.521190 -1.235938 -1.351898 -1.459995
 -1.584355 -1.326943 -1.431516 -1.235509
 -1.414732 -1.288439 -1.418586 -1.430236
 -1.717651 -1.193254 -1.495751 -1.226902
 -15.949677 -0.000000 -15.949677 -15.949677
 -16.234100 -0.000000 -16.234100 -16.234100
 -16.075190 -0.000000 -16.075190 -16.075190
 -16.164024 -0.000000 -16.164024 -16.164024
 -1.386294 -1.386294 -1.386294 -1.386294
 -17.497618 -17.497618 -17.497618 -0.000000
 -1.386294 -1.386294 -1.386294 -1.386294
 -1.386294 -1.386294 -1.386294 -1.386294
 -1.386294 -1.386294 -1.386294 -1.386294
 -1.386294 -1.386294 -1.386294 -1.386294
 -1.386294 -1.386294 -1.386294 -1.386294
 -1.825809 -1.041622 -1.490453 -1.344154
 -2.510223 -0.575364 -2.054748 -1.477862
 -1.654668 -1.025065 -1.308119 -1.716226
 -2.078324 -1.154917 -0.936038 -1.786188
 -3.158931 -0.681631 -1.445954 -1.531476
 -1.238164 -1.403244 -1.386294 -1.540445
 -1.358523 -1.237895 -1.389295 -1.591034
 -1.320336 -1.225671 -1.320336 -1.758237
 -2.024011 -1.054273 -1.135556 -1.618546
 -1.215607 -1.372717 -1.554209 -1.432564
 -1.301829 -1.232628 -1.592631 -1.456499
 -1.266948 -1.250418 -1.406210 -1.677425
 -1.859649 -1.017086 -1.507946 -1.342234
 -1.684448 -1.138458 -1.129354 -1.766686
 -1.516537 -1.091804 -1.437992 -1.572552
 -1.421222 -1.030077 -1.445204 -1.796346
 -2.558333 -0.817868 -1.326190 -1.533830
 -1.419817 -1.272181 -1.317302 -1.559863
 -1.411755 -1.275363 -1.386294 -1.483002
 -1.237711 -1.205554 -1.435843 -1.757289
 -2.087388 -1.035972 -1.162623 -1.568088
 -1.265273 -1.328536 -1.477936 -1.492256
 -1.334665 -1.350768 -1.471396 -1.393893
 -1.227625 -1.217837 -1.463140 -1.716828
 -1.911071 -1.050871 -1.428748 -1.336224
 -1.883875 -1.061317 -1.007858 -1.987774
 -1.915006 -0.978797 -1.324593 -1.555967
 -1.573187 -0.976135 -1.427297 -1.737864
 -2.037250 -0.808999 -1.356897 -1.790655
 -15.656061 -0.000001 -15.656061 -15.656061
 -16.541401 -0.000000 -16.541401 -16.541401
 -16.234989 -0.000000 -16.234989 -16.234989
 -15.749928 -0.000001 -15.749928 -15.749928
 -1.386294 -1.386294 -1.386294 -1.386294
 0.000000 -17.497618 -17.497618 -17.497618
 -1.386294 -1.386294 -1.386294 -1.386294
 -1.386294 -1.386294 -1.386294 -1.386294
 -17.497618 -17.497618 -0.000000 -17.497618
 -1.386294 -1.386294 -1.386294 -1.386294
 -1.386294 -1.386294 -1.386294 -1.386294
 -1.386294 -1.386294 -1.386294 -1.386294
 -1.386294 -1.386294 -1.386294 -1.386294
 -1.386294 -1.386294 -1.386294 -1.386294
 -1.432922 -1.031685 -1.467260 -1.746247
 -1.386294 -1.386294 -1.386294 -1.386294
 -1.191394 -1.309177 -1.561050 -1.531344
 -1.391960 -1.264127 -1.512588 -1.391960
 -1.171042 -1.210545 -1.594270 -1.666725
 -1.681217 -1.072970 -1.423036 -1.465856
 -1.626680 -1.154264 -1.172501 -1.722956
 -1.584871 -1.079920 -1.466623 -1.492990
 -1.395597 -0.999522 -1.514549 -1.805745
 -2.186051 -0.894068 -1.370686 -1.492904
