 -1.384339 0.000100 0.000100 0.000100
 -1.384339 0.000100 0.000100 0.000100
 -1.384339 0.000100 0.000100 0.000100
 -1.392182 0.000100 0.000100 0.000100
 -1.188469 -1.355523 -1.633154 -1.418043
 -1.325670 -1.484734 -1.593933 -1.188469
 -0.960211 -1.296682 -1.807506 -1.716535
 -1.899746 -1.410200 -1.015547 -1.410200
 -1.483024 -1.120119 -1.857716 -1.235188
 -1.355523 -1.807506 -1.450833 -1.067842
 -1.133099 -1.107124 -1.679641 -1.826244
 -1.729238 -1.929907 -0.970135 -1.209364
 -1.427116 -1.114743 -1.832580 -1.301953
 -1.386294 -1.562184 -1.775758 -0.991641
 -1.330055 -1.240443 -1.576914 -1.428495
 -1.770705 -1.547562 -1.036738 -1.337842
 -1.543298 -0.955513 -1.871800 -1.394878
 -1.624705 -1.838278 -1.550597 -0.839752
 -1.386294 -0.841569 -1.980999 -1.709067
 -1.428258 -1.582409 -1.245937 -1.320045
 -1.189585 -0.873733 -2.260020 -1.749198
 -1.457246 -1.939082 -1.764730 -0.793953
 -1.147884 -1.118031 -1.811176 -1.648657
 -1.517870 -1.687769 -0.958256 -1.549619
 -1.371479 -1.260254 -1.530543 -1.401332
 -1.341174 -1.923093 -1.571697 -0.955513
 -1.404643 -0.871840 -1.704747 -1.867265
 -1.309063 -1.661883 -0.912649 -1.975540
 -1.054161 -1.121603 -2.049586 -1.624705
 -1.681758 -2.026596 -1.492516 -0.782276
 -0.923955 -1.211636 -2.041981 -1.739702
 -1.223776 -1.688080 -1.017924 -1.834683
 -1.590509 -0.866592 -2.348191 -1.272056
 -1.751267 -1.905417 -2.310879 -0.547297
 -1.229452 -0.879251 -2.178528 -1.718999
 -1.260669 -1.548350 -1.180626 -1.625310
 -1.232144 -0.798509 -1.843051 -2.302580
 -1.952381 -1.998901 -1.676128 -0.624586
 -1.137834 -1.098614 -1.717649 -1.791757
 -1.212448 -1.971551 -0.828490 -2.066860
 -1.425825 -0.670159 -3.250358 -1.563975
 -1.479980 -1.593308 -2.039593 -0.823202
 -1.409461 -0.655691 -2.477296 -1.879463
 -1.138459 -1.450833 -1.241113 -1.856296
 -1.076140 -0.857451 -2.685569 -1.791758
 -1.776010 -1.909541 -2.246012 -0.550400
 -0.768373 -1.749197 -2.036877 -1.461517
 -1.132230 -1.576914 -1.361803 -1.537694
 -1.413693 -0.590494 -3.051291 -1.861716
 -1.463586 -1.330055 -1.499953 -1.269430
 -1.595048 -0.976012 -2.154658 -1.189585
 -0.919186 -1.656783 -1.346629 -1.895193
 -0.513097 -14.200776 -2.425478 -1.161792
 -1.092849 -14.363634 -1.369102 -0.890613
 -0.828324 -13.676253 -2.068008 -0.828324
 -1.508896 -13.854735 -1.210404 -0.732370
 -14.543061 -14.543061 -14.543061 -0.000001
 -1.386294 -1.386294 -1.386294 -1.386294
 -13.805464 -13.805464 -13.805464 -0.000003
 -14.533352 -14.533352 -14.533352 -0.000001
 -1.386294 -1.386294 -1.386294 -1.386294
 -1.386294 -1.386294 -1.386294 -1.386294
 -1.386294 -1.386294 -1.386294 -1.386294
 -1.693074 -1.294727 -1.280543 -1.331095
 -1.109309 -0.987948 -2.751523 -1.452252
 -1.415282 -1.330725 -1.897118 -1.070442
 -1.171638 -1.194627 -1.777772 -1.521839
 -2.266213 -1.241714 -1.321756 -1.076634
 -1.554087 -0.962038 -2.327273 -1.174599
 -1.818075 -1.145133 -1.510592 -1.208312
 -1.421386 -1.064712 -1.757856 -1.421386
 -1.994698 -1.039190 -1.658227 -1.140286
 -1.477266 -0.966442 -2.219198 -1.263692
 -1.492904 -1.121341 -1.885945 -1.211492
 -1.269761 -0.992130 -2.090736 -1.492904
 -2.315826 -1.111858 -1.412963 -1.111858
 -1.524077 -0.977536 -2.823348 -1.059774
 -1.912386 -1.092947 -1.704747 -1.092947
 -1.264598 -1.398129 -1.877699 -1.146815
 -2.364885 -1.033655 -1.366360 -1.219757
 -1.681757 -1.053151 -2.844894 -0.899001
 -1.809458 -0.893169 -1.740465 -1.380463
 -1.444114 -1.310583 -1.780584 -1.121342
 -2.014901 -1.080594 -1.368276 -1.299283
 -1.247033 -1.207812 -2.674137 -1.064712
 -1.609437 -1.203973 -2.148432 -0.958851
 -1.477266 -1.386294 -2.123888 -0.910872
 -2.458926 -1.016548 -1.932836 -0.896747
 -0.583587 -1.558144 -3.167562 -1.663504
 -1.130770 -1.507247 -1.092304 -2.118153
 -0.567988 -1.529394 -2.302575 -2.148427
 -1.299283 -1.280934 -1.113880 -2.110211
 -14.467838 -0.000002 -14.467838 -14.467838
 -14.022528 -0.000002 -14.022528 -14.022528
 -14.062374 -0.000003 -14.062374 -14.062374
 -13.429854 -0.000004 -13.429854 -13.429854
 -1.386294 -1.386294 -1.386294 -1.386294
 -0.000001 -15.446711 -15.446711 -15.446711
 -1.386294 -1.386294 -1.386294 -1.386294
 -1.386294 -1.386294 -1.386294 -1.386294
 -15.446711 -15.446711 -0.000001 -15.446711
 -1.386294 -1.386294 -1.386294 -1.386294
 -1.386294 -1.386294 -1.386294 -1.386294
 -1.386294 -1.386294 -1.386294 -1.386294
 -1.386294 -1.386294 -1.386294 -1.386294
 -1.386294 -1.386294 -1.386294 -1.386294
 -1.353568 -1.500171 -1.021434 -1.841920
 -1.386294 -1.386294 -1.386294 -1.386294
 -1.515506 -1.327454 -1.550597 -1.193923
 -1.740465 -1.239691 -1.558144 -1.125281
 -1.453735 -1.171885 -1.718427 -1.283110
 -1.909539 -1.062246 -1.561235 -1.216396
 -1.277095 -1.210404 -2.159480 -1.178656
 -1.596450 -1.098613 -1.564702 -1.366876
 -1.223776 -1.223776 -1.489478 -1.680533
 -2.079439 -0.719817 -1.845825 -1.468532
 -1.387231 0.000100 0.000100 0.000100
 -1.260211 0.000100 0.000100 0.000100
 -1.351475 0.000100 0.000100 0.000100
 -1.571267 0.000100 0.000100 0.000100
 -1.445849 -1.302142 -1.217266 -1.627262
 -1.379247 -1.225096 -1.477558 -1.485857
 -1.297391 -1.254831 -1.367870 -1.676735
 -2.040320 -1.073826 -1.264088 -1.403167
 -1.415454 -1.312270 -1.305755 -1.527817
 -1.466187 -1.230210 -1.363962 -1.508151
 -1.331452 -1.152341 -1.426186 -1.715984
 -1.916797 -1.091722 -1.360851 -1.343840
 -1.385699 -1.355216 -1.383321 -1.422067
 -1.330414 -1.307272 -1.388950 -1.533689
 -1.275813 -1.259069 -1.425285 -1.627409
 -2.015824 -1.066001 -1.253684 -1.439884
 -1.483643 -1.322746 -1.184185 -1.605486
 -1.403196 -1.310990 -1.317922 -1.528107
 -1.283346 -1.229976 -1.361972 -1.746192
 -1.938681 -1.061813 -1.266766 -1.476058
 -1.415004 -1.309159 -1.281170 -1.563910
 -1.416092 -1.233455 -1.395511 -1.521662
 -1.351653 -1.262467 -1.335001 -1.634372
 -1.991995 -1.131794 -1.183727 -1.448225
 -1.448700 -1.305431 -1.338804 -1.461407
 -1.334725 -1.324290 -1.352362 -1.550466
 -1.303407 -1.258955 -1.378914 -1.647178
 -2.018043 -1.122725 -1.234745 -1.383165
 -1.566999 -1.309547 -1.179233 -1.542374
 -1.495891 -1.243413 -1.333687 -1.495891
 -1.355431 -1.256562 -1.351517 -1.616032
 -2.146175 -1.049300 -1.155627 -1.523137
 -1.478751 -1.299283 -1.259604 -1.534403
 -1.375091 -1.240224 -1.382247 -1.575762
 -1.316234 -1.245017 -1.402447 -1.619860
 -2.053498 -1.013480 -1.317385 -1.423265
 -1.433662 -1.262598 -1.266799 -1.624979
 -1.370879 -1.288687 -1.399250 -1.497442
 -1.297741 -1.237449 -1.390418 -1.672606
 -2.009280 -0.958524 -1.332623 -1.520184
 -1.509327 -1.263289 -1.148712 -1.719398
 -1.443298 -1.250786 -1.312563 -1.568088
 -1.343821 -1.326156 -1.263931 -1.654876
 -1.980034 -1.041561 -1.232328 -1.525927
 -1.511132 -1.197474 -1.284117 -1.606996
 -1.387205 -1.195516 -1.439553 -1.557576
 -1.360652 -1.199038 -1.344508 -1.707302
 -1.968322 -1.031098 -1.265605 -1.506767
 -1.407462 -1.316384 -1.369088 -1.457598
 -1.333037 -1.267183 -1.374400 -1.600927
 -1.217354 -1.324828 -1.404871 -1.646412
 -2.203195 -0.944462 -1.241256 -1.552868
 -1.299847 -16.690205 -0.797756 -1.283420
 -1.057917 -16.913349 -1.159096 -1.081602
 -0.949943 -16.777687 -1.039388 -1.348746
 -1.451261 -16.561499 -0.891254 -1.033994
 -16.978874 -16.978874 -16.978874 -0.000000
 -1.386294 -1.386294 -1.386294 -1.386294
 -17.153414 -17.153414 -17.153414 -0.000000
 -16.950134 -16.950134 -16.950134 -0.000000
 -1.386294 -1.386294 -1.386294 -1.386294
 -1.386294 -1.386294 -1.386294 -1.386294
 -1.386294 -1.386294 -1.386294 -1.386294
 -1.909542 -1.044735 -1.297190 -1.483827
 -1.892318 -0.866126 -1.811815 -1.326732
 -1.522490 -1.308447 -1.326900 -1.401229
 -1.487099 -1.382388 -1.097634 -1.664239
 -2.199586 -1.016033 -1.165039 -1.536131
 -1.382706 -1.261427 -1.382706 -1.537335
 -1.437953 -1.119666 -1.566535 -1.480910
 -1.288812 -1.136150 -1.502882 -1.710025
 -1.975262 -0.942608 -1.350349 -1.548744
 -1.441078 -1.272882 -1.421469 -1.419045
 -1.328643 -1.297132 -1.543815 -1.393181
 -1.301207 -1.280242 -1.382840 -1.614642
 -1.885022 -1.136476 -1.286974 -1.381820
 -1.494233 -1.384600 -1.116867 -1.620236
 -1.451020 -1.320237 -1.327267 -1.455020
 -1.321479 -1.259148 -1.270912 -1.779112
 -1.995267 -1.064088 -1.265306 -1.440425
 -1.460592 -1.237449 -1.359496 -1.509648
 -1.466181 -1.216220 -1.444114 -1.440154
 -1.260229 -1.218490 -1.449130 -1.682224
 -2.041984 -0.961509 -1.361167 -1.462950
 -1.385700 -1.319086 -1.308036 -1.550597
 -1.293318 -1.389719 -1.359311 -1.515683
 -1.333034 -1.224980 -1.312499 -1.752076
 -1.948370 -1.061828 -1.281425 -1.452308
 -1.647871 -1.158323 -1.221190 -1.616214
 -1.681348 -1.101429 -1.423061 -1.425009
 -1.431292 -1.075873 -1.431292 -1.709258
 -1.942093 -1.014313 -1.441992 -1.356779
 -16.484127 -0.000000 -16.484127 -16.484127
 -17.041561 0.000000 -17.041561 -17.041561
 -16.753084 -0.000000 -16.753084 -16.753084
 -16.607903 -0.000000 -16.607903 -16.607903
 -1.386294 -1.386294 -1.386294 -1.386294
 0.000000 -18.130196 -18.130196 -18.130196
 -1.386294 -1.386294 -1.386294 -1.386294
 -1.386294 -1.386294 -1.386294 -1.386294
 -18.130196 -18.130196 0.000000 -18.130196
 -1.386294 -1.386294 -1.386294 -1.386294
 -1.386294 -1.386294 -1.386294 -1.386294
 -1.386294 -1.386294 -1.386294 -1.386294
 -1.386294 -1.386294 -1.386294 -1.386294
 -1.386294 -1.386294 -1.386294 -1.386294
 -1.409424 -1.026282 -1.530290 -1.709775
 -1.386294 -1.386294 -1.386294 -1.386294
 -1.401183 -1.291830 -1.355573 -1.509016
 -1.342492 -1.308781 -1.421226 -1.481754
 -1.247527 -1.217863 -1.546019 -1.590471
 -1.802908 -1.130147 -1.326757 -1.398939
 -1.478562 -1.297833 -1.266458 -1.527472
 -1.352331 -1.228549 -1.450895 -1.540445
 -1.291084 -1.181541 -1.414120 -1.742499
 -1.871802 -1.073876 -1.280576 -1.484591
