 -1.452252 0.000100 0.000100 0.000100
 -1.377217 0.000100 0.000100 0.000100
 -1.383260 0.000100 0.000100 0.000100
 -1.335913 0.000100 0.000100 0.000100
 -1.299283 -1.230290 -1.510592 -1.540445
 -1.350788 -1.585627 -1.474401 -1.180163
 -1.135654 -1.550597 -1.579584 -1.344746
 -1.752093 -1.542373 -1.042418 -1.346629
 -1.460402 -1.386294 -1.410392 -1.295323
 -1.233091 -1.616082 -1.433761 -1.303708
 -1.147702 -1.311332 -1.507076 -1.652257
 -2.314278 -1.340832 -1.053151 -1.235472
 -1.629240 -1.060147 -1.475090 -1.475090
 -1.175574 -1.476678 -1.561235 -1.374024
 -1.031922 -1.267235 -1.981000 -1.495493
 -1.664162 -1.345709 -1.019026 -1.664162
 -1.064711 -1.188764 -1.940178 -1.575536
 -1.338285 -1.338285 -1.877280 -1.131949
 -1.047969 -1.252763 -1.901457 -1.540445
 -1.854937 -1.352847 -1.140286 -1.326871
 -1.413693 -1.391714 -1.349155 -1.391714
 -1.239195 -1.448286 -1.877280 -1.131949
 -1.228666 -1.050985 -2.104131 -1.444888
 -1.822156 -1.480407 -0.974860 -1.454432
 -1.274742 -1.252763 -1.647416 -1.417843
 -1.329136 -1.552279 -1.877700 -0.992665
 -1.275753 -1.165752 -1.818075 -1.399366
 -1.597943 -1.464412 -1.092849 -1.464412
 -1.317302 -0.980830 -1.905087 -1.568615
 -1.374598 -1.768502 -1.734600 -0.916292
 -1.180443 -0.898592 -1.806147 -2.108426
 -1.364316 -1.791758 -1.098613 -1.408767
 -1.115707 -1.133099 -1.774951 -1.710413
 -1.632037 -1.929288 -1.603866 -0.780668
 -0.995429 -1.238375 -1.749199 -1.791758
 -1.362197 -1.732570 -0.972733 -1.665878
 -1.274503 -0.856300 -2.586684 -1.512174
 -1.845825 -1.589893 -1.765783 -0.761202
 -1.132061 -1.286211 -1.805003 -1.440361
 -1.295323 -1.945908 -1.116631 -1.362764
 -1.403994 -0.772217 -2.433609 -1.586315
 -1.736496 -1.912386 -1.951607 -0.627190
 -1.261132 -0.895673 -2.148431 -1.651996
 -1.381073 -1.994175 -0.908469 -1.563394
 -1.459906 -0.712693 -2.478471 -1.642227
 -1.897119 -1.758969 -1.860751 -0.649663
 -1.003997 -0.867865 -2.167144 -2.310243
 -1.197053 -1.593933 -1.407348 -1.386294
 -1.052362 -0.747873 -2.644986 -2.239524
 -2.084427 -1.776943 -2.412930 -0.483025
 -1.079382 -1.023812 -2.437497 -1.543686
 -1.126012 -1.853059 -1.159913 -1.582769
 -1.109849 -0.768546 -3.241464 -1.786187
 -1.791758 -1.860751 -2.197222 -0.567985
 -0.790523 -1.278875 -2.628791 -1.630271
 -1.149385 -1.940970 -1.103576 -1.570598
 -1.108817 -0.840553 -3.491430 -1.569631
 -1.652257 -1.356794 -1.899116 -0.913302
 -0.703099 -1.781905 -1.976060 -1.619387
 -1.273706 -1.966852 -1.057998 -1.456028
 -1.333013 -0.718338 -2.738350 -1.692386
 -1.340832 -1.363305 -1.536576 -1.318853
 -0.786675 -1.499623 -2.010446 -1.673975
 -1.752093 -1.369102 -1.324650 -1.183000
 -1.786187 -0.744736 -2.789484 -1.217094
 -1.344525 -1.308807 -1.614188 -1.308807
 -1.213023 -1.154183 -1.819156 -1.490654
 -2.165871 -1.318576 -1.105003 -1.249584
 -1.357307 -1.000633 -2.140063 -1.357307
 -1.400088 -1.381739 -1.363720 -1.400088
 -1.676689 -1.228666 -1.479980 -1.228666
 -2.197222 -1.364316 -1.261131 -1.049823
 -1.417066 -1.121603 -2.110210 -1.169230
 -1.675760 -1.153572 -1.567547 -1.242125
 -1.256080 -1.279611 -1.759182 -1.328400
 -2.528387 -1.046788 -1.429779 -1.109308
 -1.570217 -1.331806 -1.650259 -1.090645
 -1.881370 -1.188225 -1.633535 -1.056649
 -1.617405 -1.339774 -1.700786 -1.029620
 -2.105148 -1.351378 -1.093549 -1.257852
 -1.376992 -1.453953 -2.187917 -0.911630
 -1.560910 -1.701989 -1.286474 -1.104153
 -1.186805 -1.426035 -1.602965 -1.373391
 -2.007981 -1.126784 -1.264405 -1.349927
 -14.159103 -14.159103 -14.159103 -0.000002
 -14.316288 -14.316288 -14.316288 -0.000002
 -14.247295 -14.247295 -14.247295 -0.000002
 -14.498610 -14.498610 -14.498610 -0.000002
 -1.386294 -1.386294 -1.386294 -1.386294
 -1.386294 -1.386294 -1.386294 -1.386294
 -1.386294 -1.386294 -1.386294 -1.386294
 -1.086528 -15.699546 -0.951871 -1.285198
 -14.613020 -14.613020 -14.613020 -0.000001
 -1.386294 -1.386294 -1.386294 -1.386294
 -14.747676 -14.747676 -14.747676 -0.000001
 -14.414350 -14.414350 -14.414350 -0.000002
 -1.386294 -1.386294 -1.386294 -1.386294
 -1.386294 -1.386294 -1.386294 -1.386294
 -1.386294 -1.386294 -1.386294 -1.386294
 -0.000001 -15.699546 -15.699546 -15.699546
 -15.699546 -15.699546 -0.000000 -15.699546
 -1.386294 -1.386294 -1.386294 -1.386294
 -1.386294 -1.386294 -1.386294 -1.386294
 -1.386294 -1.386294 -1.386294 -1.386294
 -1.386294 -1.386294 -1.386294 -1.386294
 -1.386294 -1.386294 -1.386294 -1.386294
 -1.279719 -1.465324 -1.206001 -1.652923
 -1.386294 -1.386294 -1.386294 -1.386294
 -1.425296 -1.131949 -1.990609 -1.202153
 -1.845825 -1.016548 -2.028146 -1.053589
 -1.391383 -1.240153 -1.594324 -1.351378
 -1.891841 -1.309922 -1.252763 -1.225364
 -0.980830 -1.249094 -1.968214 -1.616817
 -1.391184 -1.334026 -1.431190 -1.391184
 -1.240443 -1.212272 -1.463586 -1.704747
 -2.059237 -1.073423 -1.346289 -1.307823
 -1.405875 0.000100 0.000100 0.000100
 -1.300515 0.000100 0.000100 0.000100
 -1.359869 0.000100 0.000100 0.000100
 -1.488275 0.000100 0.000100 0.000100
 -1.487270 -1.399565 -1.199588 -1.487270
 -1.317528 -1.376176 -1.512588 -1.349685
 -1.258173 -1.476581 -1.233172 -1.629420
 -1.761545 -1.215629 -1.243603 -1.413239
 -1.458038 -1.312186 -1.433547 -1.348554
 -1.461518 -1.257302 -1.477266 -1.364788
 -1.112195 -1.354756 -1.487355 -1.675664
 -1.705746 -1.212660 -1.253762 -1.445921
 -1.347793 -1.503143 -1.251829 -1.461985
 -1.283274 -1.439435 -1.425448 -1.404829
 -1.263254 -1.415170 -1.311373 -1.585069
 -1.880752 -1.161964 -1.341757 -1.297305
 -1.504077 -1.318935 -1.318935 -1.414950
 -1.186455 -1.516957 -1.460262 -1.414100
 -1.278485 -1.535205 -1.188334 -1.602457
 -1.737183 -1.342768 -1.204618 -1.335388
 -1.445985 -1.422454 -1.219672 -1.478245
 -1.333848 -1.305069 -1.409642 -1.508896
 -1.305995 -1.343735 -1.281603 -1.657392
 -1.762939 -1.291516 -1.327621 -1.243064
 -1.436255 -1.320295 -1.298634 -1.504077
 -1.472825 -1.284114 -1.329724 -1.472825
 -1.398291 -1.499827 -1.187639 -1.492223
 -1.735269 -1.400422 -1.256779 -1.229000
 -1.207415 -1.456761 -1.332119 -1.589029
 -1.269323 -1.477961 -1.364633 -1.446463
 -1.222140 -1.346193 -1.352502 -1.678898
 -1.791759 -1.345013 -1.176263 -1.330414
 -1.526410 -1.226606 -1.389834 -1.425939
 -1.315677 -1.458240 -1.351268 -1.426491
 -1.128001 -1.484676 -1.384592 -1.612851
 -1.696449 -1.298589 -1.329599 -1.275946
 -1.494928 -1.261997 -1.408600 -1.393674
 -1.306529 -1.441967 -1.354320 -1.449630
 -1.265502 -1.331751 -1.345545 -1.642529
 -1.940101 -1.233532 -1.181572 -1.353818
 -1.390286 -1.545771 -1.262773 -1.366570
 -1.199965 -1.401906 -1.504938 -1.466911
 -1.265824 -1.547389 -1.112550 -1.734601
 -1.724748 -1.275799 -1.261714 -1.349361
 -1.324925 -1.373716 -1.440161 -1.410083
 -1.374689 -1.405941 -1.382411 -1.382411
 -1.135716 -1.419968 -1.505734 -1.536040
 -1.785717 -1.270084 -1.270084 -1.306718
 -1.426816 -1.397184 -1.280212 -1.449630
 -1.384481 -1.421386 -1.314523 -1.428933
 -1.351268 -1.281309 -1.466337 -1.458240
 -1.862377 -1.245216 -1.169230 -1.401562
 -1.261970 -1.611476 -1.226631 -1.495964
 -1.192345 -1.501449 -1.447797 -1.432981
 -1.374480 -1.451172 -1.219371 -1.526396
 -1.803455 -1.333452 -1.189861 -1.318853
 -1.482337 -1.450589 -1.368145 -1.259194
 -1.400422 -1.256779 -1.530475 -1.376324
 -1.235669 -1.305873 -1.336645 -1.738989
 -1.643204 -1.370790 -1.311071 -1.261591
 -1.654411 -1.354307 -1.376780 -1.209725
 -1.360092 -1.484795 -1.402352 -1.306388
 -1.547195 -1.433251 -1.207036 -1.388131
 -2.015841 -1.261242 -1.166534 -1.301788
 -1.332227 -1.424035 -1.386294 -1.404987
 -1.357307 -1.519826 -1.295003 -1.386294
 -1.379650 -1.347074 -1.249435 -1.601139
 -1.765002 -1.376176 -1.122627 -1.382910
 -1.526056 -1.490338 -1.189584 -1.374506
 -1.489973 -1.386294 -1.245216 -1.440782
 -1.368736 -1.289668 -1.400893 -1.496857
 -1.817529 -1.448878 -1.161196 -1.239157
 -1.527760 -1.518004 -1.148787 -1.399143
 -1.449716 -1.358745 -1.316185 -1.426186
 -1.384680 -1.486463 -1.191663 -1.515450
 -1.814232 -1.364316 -1.179581 -1.294357
 -1.436359 -1.409926 -1.302828 -1.401268
 -1.588465 -1.376707 -1.195658 -1.423590
 -1.301862 -1.448466 -1.251991 -1.574506
 -1.760128 -1.287382 -1.094839 -1.526056
 -1.662360 -1.221304 -1.405025 -1.308952
 -1.249093 -1.357307 -1.478668 -1.478668
 -1.290563 -1.307560 -1.441908 -1.523586
 -1.398615 -1.274425 -1.458207 -1.423721
 -15.514790 -15.514790 -15.514790 -0.000001
 -15.598903 -15.598903 -15.598903 -0.000001
 -15.444752 -15.444752 -15.444752 -0.000001
 -15.452564 -15.452564 -15.452564 -0.000001
 -1.386294 -1.386294 -1.386294 -1.386294
 -1.386294 -1.386294 -1.386294 -1.386294
 -1.386294 -1.386294 -1.386294 -1.386294
 -1.309026 -16.890978 -0.988554 -1.027774
 -15.581953 -15.581953 -15.581953 -0.000001
 -1.386294 -1.386294 -1.386294 -1.386294
 -15.902425 -15.902425 -15.902425 -0.000000
 -15.863204 -15.863204 -15.863204 -0.000000
 -1.386294 -1.386294 -1.386294 -1.386294
 -1.386294 -1.386294 -1.386294 -1.386294
 -1.386294 -1.386294 -1.386294 -1.386294
 0.000000 -16.890978 -16.890978 -16.890978
 -16.890978 -16.890978 -0.000000 -16.890978
 -1.386294 -1.386294 -1.386294 -1.386294
 -1.386294 -1.386294 -1.386294 -1.386294
 -1.386294 -1.386294 -1.386294 -1.386294
 -1.386294 -1.386294 -1.386294 -1.386294
 -1.386294 -1.386294 -1.386294 -1.386294
 -1.162966 -1.273757 -1.515220 -1.671824
 -1.386294 -1.386294 -1.386294 -1.386294
 -1.520459 -1.324715 -1.286563 -1.430075
 -1.208383 -1.389600 -1.516531 -1.458120
 -1.252763 -1.329136 -1.411828 -1.580450
 -1.639365 -1.374084 -1.374084 -1.204792
 -1.408600 -1.571561 -1.315343 -1.275069
 -1.198038 -1.565763 -1.379177 -1.437588
 -1.319902 -1.469434 -1.265835 -1.510592
 -1.586753 -1.577450 -1.017835 -1.480458
