 -1.367502 0.000100 0.000100 0.000100
 -1.372835 0.000100 0.000100 0.000100
 -1.427794 0.000100 0.000100 0.000100
 -1.378197 0.000100 0.000100 0.000100
 -1.193391 -1.175999 -1.681093 -1.598855
 -1.260817 -1.567547 -1.517536 -1.242125
 -1.081806 -1.391960 -1.592630 -1.565231
 -1.642227 -1.131403 -1.464546 -1.375599
 -1.396050 -1.284825 -1.566676 -1.320543
 -1.314321 -1.589732 -1.242862 -1.432104
 -0.965889 -1.432507 -1.609437 -1.711220
 -1.838278 -1.320337 -1.181500 -1.320337
 -1.568616 -1.345472 -1.407348 -1.250162
 -1.442806 -1.515127 -1.375365 -1.233715
 -1.131403 -1.218414 -1.536867 -1.791758
 -2.137259 -1.192800 -0.992130 -1.570865
 -1.488948 -1.005523 -1.544518 -1.634130
 -1.422104 -1.361479 -1.655718 -1.166171
 -1.285972 -1.016639 -1.827568 -1.604425
 -1.615135 -1.409284 -1.059611 -1.559566
 -1.314639 -1.121735 -2.073741 -1.272966
 -1.377484 -1.488709 -1.613872 -1.130076
 -1.086637 -1.180163 -1.585627 -1.893110
 -1.615302 -1.452784 -1.190420 -1.335001
 -1.417711 -1.124724 -1.684339 -1.396657
 -1.323013 -1.443157 -1.509115 -1.285972
 -1.201797 -1.341559 -1.734600 -1.341559
 -1.673976 -1.232144 -1.197053 -1.519825
 -1.178655 -1.196674 -1.802808 -1.490434
 -1.396050 -1.499235 -1.716957 -1.051211
 -1.080594 -1.299283 -1.640209 -1.640209
 -1.436166 -1.609437 -1.000849 -1.636836
 -1.289668 -0.926000 -2.288193 -1.482571
 -1.380845 -1.683125 -1.571900 -1.035100
 -1.380324 -0.928340 -2.026949 -1.507076
 -1.306677 -1.701989 -1.191164 -1.414307
 -1.461195 -0.873410 -2.272123 -1.396657
 -1.609437 -1.969439 -1.844276 -0.688508
 -1.062508 -1.105993 -2.140063 -1.580450
 -1.391489 -1.828702 -0.972231 -1.549118
 -1.380845 -0.878754 -2.213751 -1.495914
 -1.734600 -1.935270 -1.898903 -0.635990
 -1.299283 -0.885308 -2.190253 -1.595548
 -1.272966 -2.014901 -0.950193 -1.609437
 -1.209513 -0.935818 -2.254055 -1.587579
 -1.791758 -2.121999 -2.079439 -0.530109
 -1.167133 -0.686548 -2.937828 -2.021545
 -1.191589 -1.810627 -0.983950 -1.839615
 -1.504077 -0.492478 -3.208815 -2.069389
 -2.104132 -2.064912 -2.278485 -0.432662
 -1.003997 -0.849847 -2.390285 -2.167144
 -1.128466 -1.533930 -1.143733 -1.950823
 -1.115142 -0.645139 -3.263564 -2.213751
 -1.795815 -1.617568 -2.331332 -0.619040
 -0.751418 -1.108092 -2.360848 -2.265538
 -0.913819 -1.811759 -1.247825 -1.907069
 -0.946928 -0.872027 -3.144144 -1.891388
 -1.410048 -1.600092 -2.225796 -0.807416
 -0.587789 -1.599387 -2.649199 -1.761905
 -0.991193 -1.712509 -1.140724 -2.048980
 -1.225264 -0.704363 -2.886656 -1.857041
 -1.341174 -1.265667 -1.807263 -1.229949
 -0.635991 -1.985912 -1.734599 -1.852382
 -1.409825 -1.318853 -1.340832 -1.483933
 -1.342998 -0.729188 -2.855580 -1.613872
 -1.250749 -1.118980 -1.799856 -1.506095
 -1.145133 -1.442384 -1.927889 -1.203973
 -1.858897 -1.085710 -1.602965 -1.186805
 -1.715386 -0.885039 -2.197222 -1.216396
 -1.234278 -1.160170 -1.620695 -1.620695
 -1.319284 -1.282916 -1.670680 -1.319284
 -1.758969 -1.082084 -1.386294 -1.431757
 -1.552279 -1.223776 -2.140064 -0.976916
 -1.320760 -1.262773 -2.193246 -1.082802
 -1.166054 -1.343735 -1.931519 -1.263692
 -2.096341 -1.028503 -1.603866 -1.144335
 -1.540445 -1.192139 -1.865866 -1.116631
 -1.486140 -1.466337 -1.787244 -0.979323
 -1.699951 -1.243194 -1.466337 -1.210404
 -1.974896 -1.131811 -1.475906 -1.170525
 -1.220902 -1.602269 -1.798978 -1.084327
 -1.886121 -1.480657 -1.614188 -0.863223
 -1.249273 -1.325259 -1.967110 -1.178656
 -1.550014 -1.183770 -1.740057 -1.183770
 -14.322330 -0.000002 -14.322330 -14.322330
 -14.452089 -0.000002 -14.452089 -14.452089
 -14.062374 -0.000003 -14.062374 -14.062374
 -14.751606 -0.000001 -14.751606 -14.751606
 -1.386294 -1.386294 -1.386294 -1.386294
 -1.295676 -1.242652 -1.554088 -1.485950
 -1.386294 -1.386294 -1.386294 -1.386294
 -1.386294 -1.386294 -1.386294 -1.386294
 -14.518610 -14.518610 -14.518610 -0.000001
 -14.571634 -14.571634 -14.571634 -0.000001
 -14.260199 -14.260199 -14.260199 -0.000002
 -14.328337 -14.328337 -14.328337 -0.000002
 -1.386294 -1.386294 -1.386294 -1.386294
 -1.386294 -1.386294 -1.386294 -1.386294
 -1.386294 -1.386294 -1.386294 -1.386294
 -0.000000 -15.814285 -15.814285 -15.814285
 -15.814285 -15.814285 -0.000000 -15.814285
 -1.386294 -1.386294 -1.386294 -1.386294
 -1.386294 -1.386294 -1.386294 -1.386294
 -1.386294 -1.386294 -1.386294 -1.386294
 -1.386294 -1.386294 -1.386294 -1.386294
 -1.386294 -1.386294 -1.386294 -1.386294
 -1.233306 -1.593308 -1.098612 -1.759756
 -1.386294 -1.386294 -1.386294 -1.386294
 -1.499437 -1.327587 -2.480263 -0.848850
 -1.609437 -1.297063 -2.066194 -0.916292
 -1.346449 -1.242652 -1.978970 -1.161526
 -1.953813 -1.130616 -1.410200 -1.233270
 -1.183354 -1.143349 -2.184799 -1.337504
 -1.455287 -1.236234 -1.585907 -1.304056
 -1.190986 -1.128466 -1.734599 -1.629239
 -2.216198 -0.812812 -1.576163 -1.424613
 -1.597385 0.000100 0.000100 0.000100
 -1.189478 0.000100 0.000100 0.000100
 -1.284951 0.000100 0.000100 0.000100
 -1.530024 0.000100 0.000100 0.000100
 -1.273140 -1.290762 -1.444172 -1.565199
 -1.324809 -1.349578 -1.434597 -1.441446
 -1.295712 -1.342543 -1.279504 -1.676962
 -1.804410 -1.118232 -1.353689 -1.385152
 -1.341583 -1.384308 -1.384308 -1.437274
 -1.458348 -1.325775 -1.384513 -1.380961
 -1.288588 -1.288588 -1.488077 -1.501149
 -1.987200 -1.090778 -1.335900 -1.331636
 -1.618096 -1.242045 -1.253302 -1.481174
 -1.414086 -1.178655 -1.439870 -1.550218
 -1.396365 -1.260306 -1.288982 -1.643063
 -1.935799 -1.151833 -1.177893 -1.462280
 -1.249819 -1.362983 -1.367602 -1.595386
 -1.299283 -1.352172 -1.339474 -1.576915
 -1.210898 -1.396245 -1.282916 -1.729812
 -1.836315 -1.183541 -1.210108 -1.442913
 -1.440468 -1.322235 -1.381512 -1.404679
 -1.424322 -1.193456 -1.649405 -1.331835
 -1.201856 -1.306881 -1.431820 -1.661640
 -1.847849 -1.131887 -1.397263 -1.299283
 -1.521306 -1.331900 -1.234809 -1.484092
 -1.427402 -1.227381 -1.423837 -1.486243
 -1.415596 -1.177586 -1.420012 -1.572688
 -1.917539 -1.019598 -1.249172 -1.582067
 -1.294263 -1.449827 -1.378197 -1.430218
 -1.405903 -1.284825 -1.363893 -1.502864
 -1.232813 -1.355835 -1.299283 -1.725582
 -1.834864 -1.170705 -1.159736 -1.529483
 -1.396447 -1.372252 -1.306718 -1.477170
 -1.441890 -1.201836 -1.569900 -1.367229
 -1.281844 -1.236965 -1.500898 -1.564077
 -1.860254 -1.088214 -1.392118 -1.350923
 -1.515286 -1.206098 -1.275851 -1.600981
 -1.413600 -1.233588 -1.389667 -1.530950
 -1.431318 -1.218757 -1.315486 -1.624222
 -1.988606 -1.076906 -1.180224 -1.535927
 -1.241713 -1.563716 -1.291516 -1.483243
 -1.376632 -1.332738 -1.311493 -1.539906
 -1.297481 -1.324239 -1.281114 -1.698008
 -1.859394 -1.158643 -1.305246 -1.350097
 -1.395399 -1.351655 -1.321001 -1.484630
 -1.320816 -1.416831 -1.489152 -1.327884
 -1.174813 -1.302913 -1.489242 -1.640719
 -1.817077 -1.130948 -1.350576 -1.363822
 -1.593782 -1.217876 -1.276211 -1.505558
 -1.360249 -1.170274 -1.445328 -1.622259
 -1.404794 -1.265574 -1.325071 -1.576385
 -1.977045 -1.020360 -1.235471 -1.558938
 -1.349761 -1.349761 -1.340832 -1.515185
 -1.300343 -1.398280 -1.306190 -1.562124
 -1.256015 -1.348073 -1.306109 -1.689558
 -1.840312 -1.173632 -1.181324 -1.491128
 -1.385302 -1.409399 -1.357903 -1.393270
 -1.516244 -1.253228 -1.550730 -1.263048
 -1.246961 -1.216283 -1.563081 -1.575984
 -1.801306 -1.111763 -1.427512 -1.324134
 -1.456192 -1.212448 -1.317020 -1.602081
 -1.408063 -1.231037 -1.370062 -1.563975
 -1.314201 -1.127186 -1.504619 -1.685966
 -1.996734 -0.997821 -1.318293 -1.478636
 -1.331636 -1.375121 -1.331636 -1.518222
 -1.340901 -1.380121 -1.367889 -1.460164
 -1.303851 -1.344223 -1.265045 -1.684448
 -1.785789 -1.194042 -1.178356 -1.507076
 -1.365325 -1.401546 -1.296596 -1.491543
 -1.399465 -1.319422 -1.524375 -1.315932
 -1.216058 -1.269112 -1.455287 -1.665008
 -1.778060 -1.006442 -1.455287 -1.460225
 -1.539438 -1.237770 -1.328577 -1.467009
 -1.530722 -1.118639 -1.491655 -1.461464
 -1.320204 -1.320204 -1.308643 -1.631417
 -2.006263 -1.061354 -1.243049 -1.465253
 -1.365241 -1.493495 -1.306797 -1.388661
 -1.357766 -1.569259 -1.191193 -1.466605
 -1.370249 -1.400669 -1.243765 -1.554820
 -1.714798 -1.241713 -1.218899 -1.445809
 -1.501490 -1.330865 -1.319169 -1.404068
 -1.704748 -1.394593 -1.373974 -1.148384
 -1.320481 -1.359447 -1.292222 -1.601814
 -1.485475 -1.421232 -1.303943 -1.344271
 -16.030357 -0.000000 -16.030357 -16.030357
 -16.139858 -0.000000 -16.139858 -16.139858
 -16.194130 -0.000000 -16.194130 -16.194130
 -16.141813 -0.000000 -16.141813 -16.141813
 -1.386294 -1.386294 -1.386294 -1.386294
 -1.416695 -1.027691 -1.605979 -1.614648
 -1.386294 -1.386294 -1.386294 -1.386294
 -1.386294 -1.386294 -1.386294 -1.386294
 -16.097893 -16.097893 -16.097893 -0.000000
 -16.486897 -16.486897 -16.486897 -0.000000
 -15.908609 -15.908609 -15.908609 -0.000000
 -15.899940 -15.899940 -15.899940 -0.000000
 -1.386294 -1.386294 -1.386294 -1.386294
 -1.386294 -1.386294 -1.386294 -1.386294
 -1.386294 -1.386294 -1.386294 -1.386294
 0.000000 -17.514587 -17.514587 -17.514587
 -17.514587 -17.514587 -0.000000 -17.514587
 -1.386294 -1.386294 -1.386294 -1.386294
 -1.386294 -1.386294 -1.386294 -1.386294
 -1.386294 -1.386294 -1.386294 -1.386294
 -1.386294 -1.386294 -1.386294 -1.386294
 -1.386294 -1.386294 -1.386294 -1.386294
 -1.216674 -1.171750 -1.555488 -1.698950
 -1.386294 -1.386294 -1.386294 -1.386294
 -1.586315 -1.150038 -1.291516 -1.590405
 -1.342537 -1.249175 -1.560344 -1.418765
 -1.306342 -1.161511 -1.607096 -1.533824
 -1.776984 -0.999496 -1.368856 -1.568345
 -1.280072 -1.403686 -1.443960 -1.425860
 -1.249636 -1.499780 -1.300066 -1.524648
 -1.130666 -1.385243 -1.308438 -1.853567
 -1.522897 -1.338850 -1.240410 -1.467468
