 -1.399717 0.000100 0.000100 0.000100
 -1.373049 0.000100 0.000100 0.000100
 -1.448170 0.000100 0.000100 0.000100
 -1.328025 0.000100 0.000100 0.000100
 -1.213023 -1.906168 -1.283641 -1.283641
 -1.622682 -1.262681 -1.217218 -1.497520
 -0.997517 -1.483024 -1.547562 -1.652922
 -1.850027 -1.355332 -1.197704 -1.262242
 -1.379694 -1.353718 -1.279611 -1.551543
 -1.189585 -1.595049 -1.343735 -1.461518
 -1.039424 -1.410987 -1.603358 -1.603358
 -1.732335 -1.556445 -0.929991 -1.524696
 -1.208046 -1.362197 -1.603358 -1.410987
 -1.343735 -1.343735 -1.669156 -1.238375
 -1.441019 -1.140915 -1.664162 -1.368699
 -1.815288 -0.988612 -1.681758 -1.276294
 -1.487099 -1.549619 -1.176945 -1.372689
 -1.261131 -1.582039 -1.609437 -1.167606
 -1.134015 -1.343735 -1.343735 -1.854558
 -1.513556 -1.542543 -1.025854 -1.572396
 -1.336284 -1.336284 -1.494508 -1.386294
 -1.271884 -1.586964 -1.838278 -1.032655
 -1.153673 -1.597603 -1.435084 -1.410392
 -1.637608 -1.163151 -1.256242 -1.568615
 -1.197704 -1.307704 -1.634916 -1.457986
 -1.352847 -1.406914 -1.658227 -1.183771
 -1.091340 -1.282395 -1.741926 -1.552685
 -1.500897 -1.500897 -1.030895 -1.622258
 -1.333804 -1.289353 -1.899116 -1.166751
 -1.217218 -1.468532 -1.622682 -1.286211
 -1.323556 -1.323556 -1.638636 -1.296888
 -1.588531 -1.521839 -1.194627 -1.292266
 -1.236763 -1.172225 -1.824548 -1.432507
 -1.671741 -1.477586 -1.448598 -1.052703
 -1.190728 -1.217396 -1.532476 -1.692818
 -1.380463 -1.403994 -1.313022 -1.452784
 -1.571216 -1.085710 -1.602965 -1.373391
 -1.470486 -1.785566 -1.470486 -0.987061
 -1.489151 -1.040202 -1.594512 -1.523053
 -1.440361 -1.805003 -1.132061 -1.286211
 -1.267689 -0.993253 -1.960834 -1.573070
 -1.551543 -1.881784 -1.839224 -0.740615
 -1.232144 -0.944463 -1.925289 -1.750936
 -1.446919 -1.639290 -0.931107 -1.734600
 -1.497520 -0.896747 -1.805003 -1.589893
 -1.755391 -2.197222 -1.720299 -0.621689
 -1.291679 -0.943373 -1.617100 -1.984823
 -1.488077 -1.517064 -0.949081 -1.785327
 -1.226788 -0.763216 -2.587757 -1.799305
 -2.110211 -1.847848 -1.970449 -0.541599
 -0.990400 -0.952659 -1.897118 -2.376688
 -1.010060 -1.952100 -1.326396 -1.476678
 -1.008665 -1.008665 -2.496736 -1.670062
 -2.014901 -1.847848 -1.738649 -0.628610
 -0.911151 -1.355835 -1.483668 -2.176811
 -1.098613 -2.079439 -1.192139 -1.435084
 -1.028503 -0.805360 -2.548324 -2.142861
 -1.639742 -1.401332 -1.719785 -0.966015
 -0.969402 -1.170072 -1.495493 -2.450999
 -1.014530 -1.922786 -1.081221 -1.883566
 -1.167241 -0.835464 -2.333673 -1.844126
 -1.374866 -1.495493 -1.603707 -1.133704
 -0.833731 -1.668526 -1.759497 -1.585145
 -1.386294 -1.546636 -1.185624 -1.463255
 -1.531476 -0.743020 -2.329981 -1.556794
 -1.184555 -1.446919 -1.701810 -1.285651
 -1.098613 -1.463255 -1.463255 -1.591088
 -2.029607 -1.048781 -1.182312 -1.552685
 -1.245937 -1.372689 -1.805551 -1.222407
 -1.333013 -1.496642 -1.474663 -1.260254
 -1.386294 -1.198243 -1.457753 -1.534714
 -1.661883 -1.182312 -1.336462 -1.423473
 -1.484275 -1.576648 -1.514127 -1.059392
 -1.542543 -0.991368 -1.667706 -1.485385
 -1.176778 -1.363989 -1.523053 -1.523053
 -1.971551 -1.111352 -1.255933 -1.399033
 -1.409461 -1.264280 -2.167144 -1.025051
 -1.736496 -0.996097 -1.803187 -1.238659
 -1.113319 -1.518783 -1.552685 -1.423473
 -2.005332 -1.158036 -1.360977 -1.221215
 -1.333452 -1.276294 -1.681758 -1.304465
 -1.672136 -1.306677 -1.484925 -1.155446
 -1.431551 -1.431551 -1.469291 -1.230881
 -2.131625 -1.098613 -1.284330 -1.304949
 -1.575536 -1.040019 -2.556358 -1.015922
 -1.530745 -1.190420 -1.774367 -1.171372
 -1.330725 -1.358124 -1.806147 -1.157453
 -2.208850 -1.127940 -1.687555 -0.963638
 -0.912028 -0.890974 -3.375858 -1.871800
 -1.045969 -0.889623 -1.853059 -2.512301
 -0.949082 -1.236763 -1.642226 -2.047689
 -1.634130 -0.880359 -1.228666 -2.327275
 -0.065960 -14.446785 -2.751529 -14.446785
 -0.150627 -14.674174 -1.967323 -14.674174
 -0.365727 -13.919874 -1.183170 -13.919874
 -0.324244 -13.384734 -1.284016 -13.384734
 -0.000001 -15.430931 -15.430931 -15.430931
 -1.386294 -1.386294 -1.386294 -1.386294
 -0.000003 -13.785055 -13.785055 -13.785055
 -1.386294 -1.386294 -1.386294 -1.386294
 -15.607271 -15.607271 -0.000001 -15.607271
 -1.386294 -1.386294 -1.386294 -1.386294
 -1.386294 -1.386294 -1.386294 -1.386294
 -1.386294 -1.386294 -1.386294 -1.386294
 -1.386294 -1.386294 -1.386294 -1.386294
 -1.386294 -1.386294 -1.386294 -1.386294
 -1.521732 -1.379650 -1.073920 -1.669542
 -1.386294 -1.386294 -1.386294 -1.386294
 -1.211636 -1.211636 -1.830673 -1.409461
 -1.461932 -1.353718 -1.551543 -1.210618
 -1.659448 -0.940984 -1.739490 -1.410987
 -1.782947 -1.116471 -1.230881 -1.549333
 -1.193923 -1.417066 -1.586964 -1.386294
 -1.341174 -1.178655 -1.559427 -1.511799
 -1.277661 -1.277661 -1.759497 -1.307514
 -2.021545 -1.256080 -1.146079 -1.328400
 -1.277835 0.000100 0.000100 0.000100
 -1.310613 0.000100 0.000100 0.000100
 -1.482579 0.000100 0.000100 0.000100
 -1.493194 0.000100 0.000100 0.000100
 -1.746430 -1.220202 -0.974285 -1.877501
 -1.615314 -1.043890 -1.399914 -1.597159
 -1.399972 -1.082109 -1.422679 -1.751873
 -2.292666 -0.890751 -1.234628 -1.620940
 -1.355225 -1.393039 -1.225067 -1.609172
 -1.278663 -1.413539 -1.186246 -1.754784
 -1.246578 -1.338553 -1.212524 -1.878345
 -1.930770 -1.187986 -1.023521 -1.656522
 -1.167915 -1.423438 -1.514276 -1.477824
 -1.388799 -1.343888 -1.422737 -1.391337
 -1.032449 -1.338740 -1.546010 -1.780264
 -1.826991 -1.102068 -1.393337 -1.352186
 -1.756775 -1.236085 -0.966744 -1.854312
 -1.602711 -1.032415 -1.412297 -1.614847
 -1.410322 -1.071686 -1.411186 -1.774014
 -2.314785 -0.888439 -1.225473 -1.628128
 -1.409799 -1.349138 -1.220536 -1.603098
 -1.275341 -1.436671 -1.205937 -1.695349
 -1.251289 -1.330902 -1.204597 -1.898370
 -1.881618 -1.202878 -1.029849 -1.659328
 -1.184906 -1.431826 -1.516880 -1.444104
 -1.394099 -1.364065 -1.457696 -1.333505
 -1.065843 -1.344895 -1.550077 -1.699561
 -1.837949 -1.116715 -1.390160 -1.330037
 -1.775549 -1.229599 -0.971222 -1.835212
 -1.608637 -1.040166 -1.399803 -1.610447
 -1.432843 -1.065687 -1.402972 -1.766008
 -2.319080 -0.882046 -1.227826 -1.635925
 -1.395744 -1.356204 -1.227966 -1.600346
 -1.289087 -1.404512 -1.206670 -1.715916
 -1.265426 -1.328915 -1.213569 -1.858016
 -1.907420 -1.194530 -1.037698 -1.637728
 -1.174479 -1.419943 -1.520998 -1.466209
 -1.387885 -1.368453 -1.437307 -1.353517
 -1.048648 -1.347982 -1.557541 -1.719412
 -1.851987 -1.109550 -1.387521 -1.333042
 -1.748246 -1.233098 -0.971371 -1.858098
 -1.614712 -1.048232 -1.383308 -1.610702
 -1.404734 -1.092721 -1.395762 -1.762468
 -2.324601 -0.910749 -1.191195 -1.629147
 -1.352023 -1.388939 -1.209050 -1.642668
 -1.271393 -1.423721 -1.182333 -1.759211
 -1.243441 -1.350474 -1.195192 -1.898143
 -1.883700 -1.208758 -1.006604 -1.693103
 -1.137499 -1.444438 -1.517285 -1.495240
 -1.375209 -1.356753 -1.401656 -1.412521
 -1.005494 -1.375025 -1.553347 -1.773346
 -1.848461 -1.102908 -1.394743 -1.336669
 -1.755899 -1.257880 -0.933930 -1.897215
 -1.627181 -1.022205 -1.390688 -1.635717
 -1.433212 -1.057999 -1.396620 -1.790499
 -2.331685 -0.885375 -1.217456 -1.638215
 -1.382162 -1.365954 -1.200406 -1.646332
 -1.274178 -1.410488 -1.198780 -1.744380
 -1.252934 -1.343304 -1.194963 -1.892878
 -1.920879 -1.179057 -1.017889 -1.689585
 -1.108214 -1.446118 -1.521398 -1.532648
 -1.373566 -1.345714 -1.427007 -1.400727
 -1.012228 -1.345015 -1.575679 -1.776740
 -1.882657 -1.076509 -1.394013 -1.351105
 -1.753400 -1.271131 -0.922511 -1.905271
 -1.625250 -1.028677 -1.400857 -1.613084
 -1.417721 -1.075466 -1.385807 -1.792917
 -2.331000 -0.890296 -1.198306 -1.657777
 -1.381155 -1.407513 -1.179886 -1.626345
 -1.270035 -1.450731 -1.184641 -1.720798
 -1.252491 -1.361242 -1.199426 -1.854708
 -1.883941 -1.213999 -1.018292 -1.661829
 -1.167474 -1.428616 -1.550166 -1.439717
 -1.416900 -1.378156 -1.468070 -1.290537
 -1.040770 -1.345754 -1.583839 -1.707669
 -1.850762 -1.135170 -1.404603 -1.287171
 -1.789061 -1.232495 -0.959667 -1.843275
 -1.667056 -1.016025 -1.396134 -1.601397
 -1.442024 -1.054730 -1.388540 -1.796819
 -2.329929 -0.895115 -1.207967 -1.633051
 -1.397523 -1.389461 -1.165130 -1.651825
 -1.309612 -1.413408 -1.173242 -1.729346
 -1.237831 -1.374969 -1.174307 -1.909819
 -1.863447 -1.229413 -0.989024 -1.712251
 -1.137912 -1.433872 -1.549321 -1.475186
 -1.452226 -1.291985 -1.461670 -1.349471
 -0.996641 -1.375587 -1.571638 -1.769097
 -1.841807 -1.131890 -1.380867 -1.317942
 -1.732754 -1.142482 -0.934715 -2.193917
 -1.666296 -0.796718 -1.442063 -2.089017
 -1.490527 -0.940708 -1.372775 -2.032621
 -2.651616 -0.707070 -1.227035 -1.943405
 -0.807255 -19.308777 -0.590737 -19.308777
 -0.651546 -20.205080 -0.736554 -20.205080
 -0.640401 -19.887011 -0.748831 -19.887011
 -1.301662 -19.029196 -0.317563 -19.029196
 0.000000 -20.362682 -20.362682 -20.362682
 -1.386294 -1.386294 -1.386294 -1.386294
 0.000000 -20.446827 -20.446827 -20.446827
 -1.386294 -1.386294 -1.386294 -1.386294
 -21.098787 -21.098787 0.000000 -21.098787
 -1.386294 -1.386294 -1.386294 -1.386294
 -1.386294 -1.386294 -1.386294 -1.386294
 -1.386294 -1.386294 -1.386294 -1.386294
 -1.386294 -1.386294 -1.386294 -1.386294
 -1.386294 -1.386294 -1.386294 -1.386294
 -1.262447 -1.321627 -1.205841 -1.891150
 -1.386294 -1.386294 -1.386294 -1.386294
 -1.140454 -1.405808 -1.561263 -1.490382
 -1.382002 -1.363101 -1.500927 -1.308833
 -1.012186 -1.296633 -1.672425 -1.741060
 -1.707506 -1.094025 -1.568935 -1.288987
 -1.739056 -1.275013 -0.959281 -1.821900
 -1.631923 -1.129143 -1.308432 -1.556404
 -1.424298 -1.030092 -1.450343 -1.784633
 -2.280537 -0.959152 -1.167896 -1.591931
