 -1.381611 0.000100 0.000100 0.000100
 -1.283755 0.000100 0.000100 0.000100
 -1.372308 0.000100 0.000100 0.000100
 -1.521840 0.000100 0.000100 0.000100
 -1.628305 -1.089311 -1.537334 -1.376992
 -1.551808 -1.403389 -1.635189 -1.057114
 -1.098613 -1.314836 -1.637608 -1.591088
 -2.047689 -1.397105 -1.006240 -1.354546
 -1.247458 -1.452252 -1.652922 -1.247458
 -1.098613 -1.871800 -1.717650 -1.098613
 -1.059774 -1.570597 -1.619387 -1.396245
 -1.791758 -1.239691 -1.239691 -1.368903
 -1.491655 -1.026293 -1.897118 -1.321756
 -1.498772 -1.452252 -1.407801 -1.211091
 -0.995429 -1.263692 -1.577349 -1.956836
 -1.529395 -1.353505 -1.353505 -1.321756
 -1.349927 -1.126784 -1.848916 -1.349927
 -1.545924 -1.471816 -1.585145 -1.042822
 -1.076874 -1.375365 -1.677645 -1.515127
 -1.763587 -1.286665 -1.219974 -1.358124
 -1.638996 -1.023812 -1.590206 -1.415853
 -1.486835 -1.343735 -1.412727 -1.310945
 -0.973451 -1.167606 -2.420360 -1.504077
 -1.592630 -1.474847 -1.274177 -1.244325
 -1.348554 -1.006806 -1.811176 -1.553348
 -1.508184 -1.859580 -1.508184 -0.912202
 -1.167606 -1.167606 -1.727219 -1.609437
 -1.333185 -1.404643 -1.522426 -1.299283
 -1.243795 -1.071945 -2.406939 -1.275543
 -1.885283 -1.134981 -1.945907 -0.957300
 -1.339774 -0.793233 -2.128227 -1.791757
 -1.252763 -1.560247 -1.313388 -1.446919
 -1.358124 -0.990400 -2.256060 -1.321756
 -1.784485 -1.587776 -2.029607 -0.700475
 -1.329136 -0.961413 -2.022278 -1.511457
 -1.198243 -1.980999 -1.170072 -1.386294
 -1.200742 -1.079382 -2.236829 -1.376633
 -1.746907 -1.513294 -2.126395 -0.721058
 -1.126012 -0.902870 -2.001475 -2.001475
 -1.330725 -1.475906 -1.180443 -1.609437
 -1.243795 -0.838331 -2.311630 -1.713796
 -1.463586 -1.905417 -1.962575 -0.735349
 -1.252764 -0.817447 -2.041215 -1.945906
 -1.206826 -1.360977 -1.429969 -1.584119
 -1.360977 -0.773191 -2.123113 -1.817733
 -1.823010 -2.564942 -2.094943 -0.448696
 -1.417066 -0.931560 -2.110207 -1.417066
 -1.230881 -1.682864 -1.038509 -1.782947
 -1.078811 -1.021652 -2.995716 -1.386294
 -1.765090 -1.765090 -2.630080 -0.535145
 -1.221215 -0.989415 -1.791757 -1.791757
 -1.158781 -1.587776 -1.282395 -1.587776
 -0.994935 -1.065552 -2.699673 -1.521026
 -1.627455 -1.885283 -2.415907 -0.575366
 -0.757689 -1.386294 -2.079435 -1.856294
 -1.474000 -1.291679 -1.211636 -1.617100
 -1.402295 -0.677400 -3.226827 -1.578185
 -1.564986 -1.266494 -2.061419 -0.962812
 -0.916293 -1.871798 -1.977158 -1.178656
 -1.362578 -1.427116 -1.272966 -1.496109
 -1.252763 -0.624156 -2.639048 -2.233588
 -1.349927 -1.349927 -1.647177 -1.241714
 -0.885041 -1.370546 -1.945905 -1.658226
 -1.980999 -1.064712 -1.352393 -1.352393
 -1.513294 -0.953680 -2.611897 -1.136001
 -1.583292 -1.066037 -1.926235 -1.188639
 -1.245938 -1.294728 -1.892560 -1.245938
 -2.230009 -0.895015 -1.441557 -1.397105
 -1.458615 -1.020362 -2.508427 -1.122144
 -1.527373 -1.173733 -1.691675 -1.239691
 -1.052094 -1.252764 -2.533683 -1.252764
 -2.631081 -0.750778 -1.570217 -1.394326
 -1.435084 -1.134981 -1.945907 -1.211942
 -1.711220 -1.172225 -1.488077 -1.259236
 -1.550596 -1.054162 -1.624704 -1.417066
 -2.023199 -1.158205 -1.240443 -1.330055
 -1.221215 -1.312187 -2.277260 -1.098614
 -1.616817 -0.980830 -2.273593 -1.128466
 -1.663504 -1.295781 -1.720662 -1.027518
 -2.277262 -1.000975 -1.766440 -1.024505
 -1.609437 -0.916293 -2.184796 -1.246533
 -1.616555 -1.187560 -1.483024 -1.311174
 -1.998090 -0.942046 -2.285768 -0.986497
 -2.150390 -1.176945 -1.549619 -1.013316
 -13.444452 -13.444452 -13.444452 -0.000004
 -14.173188 -14.173188 -14.173188 -0.000002
 -13.567055 -13.567055 -13.567055 -0.000004
 -14.122998 -14.122998 -14.122998 -0.000002
 -1.386294 -1.386294 -1.386294 -1.386294
 -1.386294 -1.386294 -1.386294 -1.386294
 -1.386294 -1.386294 -1.386294 -1.386294
 -15.264781 -0.000001 -15.264781 -15.264781
 -1.386294 -1.386294 -1.386294 -1.386294
 -15.264781 -15.264781 -15.264781 -0.000001
 -1.386294 -1.386294 -1.386294 -1.386294
 -1.386294 -1.386294 -1.386294 -1.386294
 -1.386294 -1.386294 -1.386294 -1.386294
 -1.386294 -1.386294 -1.386294 -1.386294
 -1.386294 -1.386294 -1.386294 -1.386294
 -0.000001 -15.264781 -15.264781 -15.264781
 -15.264781 -15.264781 -0.000001 -15.264781
 -1.386294 -1.386294 -1.386294 -1.386294
 -1.386294 -1.386294 -1.386294 -1.386294
 -1.386294 -1.386294 -1.386294 -1.386294
 -1.386294 -1.386294 -1.386294 -1.386294
 -1.386294 -1.386294 -1.386294 -1.386294
 -1.459319 -1.672412 -0.906945 -1.736951
 -1.386294 -1.386294 -1.386294 -1.386294
 -1.504077 -1.376244 -2.515670 -0.810932
 -1.337505 -1.437587 -2.079437 -0.980831
 -1.458615 -1.177203 -2.102970 -1.087052
 -2.238039 -1.098614 -1.609437 -1.021653
 -1.419817 -1.215023 -1.871799 -1.178656
 -1.508184 -0.932821 -1.808287 -1.508184
 -1.098614 -0.993254 -1.909537 -1.909537
 -1.933408 -1.025854 -1.307704 -1.485385
 -1.495050 0.000100 0.000100 0.000100
 -1.234384 0.000100 0.000100 0.000100
 -1.332531 0.000100 0.000100 0.000100
 -1.509865 0.000100 0.000100 0.000100
 -1.416147 -1.301737 -1.511457 -1.329136
 -1.344679 -1.302120 -1.312591 -1.617972
 -1.153201 -1.437588 -1.411612 -1.593933
 -1.784324 -1.037110 -1.314321 -1.565635
 -1.251120 -1.412963 -1.322579 -1.589893
 -1.425163 -1.389231 -1.437433 -1.299283
 -1.187713 -1.254404 -1.561428 -1.609438
 -2.045792 -1.215446 -1.228349 -1.268089
 -1.596015 -1.259543 -1.157760 -1.612822
 -1.436938 -1.165623 -1.490284 -1.490284
 -1.383000 -1.170438 -1.396245 -1.653289
 -1.981000 -0.997053 -1.339148 -1.465188
 -1.151363 -1.343735 -1.641569 -1.472946
 -1.283009 -1.340717 -1.401960 -1.536997
 -1.389454 -1.205025 -1.328085 -1.681364
 -1.698928 -1.154627 -1.205271 -1.597832
 -1.315386 -1.428715 -1.442138 -1.364177
 -1.533665 -1.305131 -1.294436 -1.431011
 -1.254404 -1.145601 -1.642774 -1.593177
 -2.095440 -1.098613 -1.238970 -1.370546
 -1.509527 -1.225952 -1.177750 -1.728580
 -1.389164 -1.424255 -1.290724 -1.448353
 -1.321756 -1.237875 -1.386294 -1.643339
 -1.834318 -1.009001 -1.306252 -1.585423
 -1.438741 -1.469993 -1.182312 -1.485994
 -1.313388 -1.389099 -1.262615 -1.615056
 -1.404422 -1.236430 -1.333804 -1.606448
 -1.799856 -1.182696 -1.339041 -1.323774
 -1.459319 -1.183066 -1.444282 -1.490091
 -1.341174 -1.209114 -1.723382 -1.341174
 -1.178655 -1.207926 -1.560366 -1.695911
 -1.776833 -1.226788 -1.440361 -1.201470
 -1.484275 -1.373049 -1.321756 -1.373049
 -1.603943 -1.132229 -1.463586 -1.405766
 -1.352135 -1.187380 -1.322722 -1.772638
 -1.889133 -0.991192 -1.329518 -1.546189
 -1.324737 -1.386294 -1.451892 -1.386294
 -1.258040 -1.418383 -1.418383 -1.462834
 -1.282225 -1.282225 -1.405839 -1.609438
 -1.864448 -1.159468 -1.245410 -1.412464
 -1.369927 -1.570598 -1.494225 -1.159856
 -1.368057 -1.276038 -1.482832 -1.430189
 -1.177017 -1.209453 -1.443646 -1.849110
 -1.605860 -1.300479 -1.456824 -1.224493
 -1.488077 -1.293921 -1.342123 -1.432507
 -1.376992 -1.305533 -1.317094 -1.566748
 -1.287406 -1.340752 -1.313724 -1.642227
 -2.076145 -1.079004 -1.181134 -1.479626
 -1.349390 -1.505959 -1.201470 -1.523053
 -1.397855 -1.341343 -1.374866 -1.433362
 -1.314321 -1.432104 -1.219011 -1.624475
 -1.965030 -1.065090 -1.206501 -1.532898
 -1.351448 -1.452252 -1.407801 -1.337842
 -1.480982 -1.176322 -1.551933 -1.376992
 -1.241269 -1.292562 -1.464412 -1.583759
 -2.049587 -1.032655 -1.432814 -1.285490
 -1.683545 -1.252763 -1.192139 -1.491655
 -1.578837 -1.115707 -1.336697 -1.592631
 -1.358124 -1.192139 -1.430097 -1.609437
 -1.893780 -1.065715 -1.343735 -1.409984
 -1.463586 -1.314551 -1.198479 -1.617736
 -1.407348 -1.179958 -1.484734 -1.507991
 -1.192685 -1.370933 -1.277843 -1.807360
 -2.079440 -1.076140 -1.087313 -1.624705
 -1.294549 -1.361688 -1.389859 -1.511220
 -1.350329 -1.406210 -1.477669 -1.318241
 -1.304212 -1.241033 -1.495267 -1.535540
 -1.916921 -1.102823 -1.688080 -1.090244
 -1.485667 -1.441864 -1.095240 -1.596015
 -1.263234 -1.435084 -1.306252 -1.568616
 -1.594785 -1.220092 -1.171302 -1.650875
 -1.659034 -1.182696 -1.259236 -1.517064
 -1.669157 -1.371906 -1.213682 -1.343735
 -1.507159 -1.414377 -1.364985 -1.272966
 -1.337767 -1.256915 -1.348349 -1.643149
 -1.650259 -1.164752 -1.258781 -1.551169
 -1.544197 -1.269761 -1.492904 -1.269761
 -1.655958 -1.203973 -1.468359 -1.277304
 -1.224382 -1.193923 -1.609438 -1.594400
 -1.436484 -1.201645 -1.612940 -1.338504
 -14.862831 -14.862831 -14.862831 -0.000001
 -15.096445 -15.096445 -15.096445 -0.000001
 -14.767170 -14.767170 -14.767170 -0.000001
 -14.943683 -14.943683 -14.943683 -0.000001
 -1.386294 -1.386294 -1.386294 -1.386294
 -1.386294 -1.386294 -1.386294 -1.386294
 -1.386294 -1.386294 -1.386294 -1.386294
 -16.311193 -0.000000 -16.311193 -16.311193
 -1.386294 -1.386294 -1.386294 -1.386294
 -16.311193 -16.311193 -16.311193 -0.000000
 -1.386294 -1.386294 -1.386294 -1.386294
 -1.386294 -1.386294 -1.386294 -1.386294
 -1.386294 -1.386294 -1.386294 -1.386294
 -1.386294 -1.386294 -1.386294 -1.386294
 -1.386294 -1.386294 -1.386294 -1.386294
 -0.000000 -16.311193 -16.311193 -16.311193
 -16.311193 -16.311193 -0.000000 -16.311193
 -1.386294 -1.386294 -1.386294 -1.386294
 -1.386294 -1.386294 -1.386294 -1.386294
 -1.386294 -1.386294 -1.386294 -1.386294
 -1.386294 -1.386294 -1.386294 -1.386294
 -1.386294 -1.386294 -1.386294 -1.386294
 -1.195490 -1.217530 -1.540170 -1.675902
 -1.386294 -1.386294 -1.386294 -1.386294
 -1.394502 -1.372762 -1.320395 -1.462710
 -1.405986 -1.129732 -1.565834 -1.501296
 -1.500238 -1.229949 -1.466337 -1.371027
 -1.663749 -0.994134 -1.761388 -1.314076
 -1.372110 -1.265342 -1.491655 -1.430097
 -1.399937 -1.305627 -1.219449 -1.676690
 -1.199083 -1.511457 -1.275069 -1.616818
 -1.582409 -1.234103 -1.257913 -1.517871
