 -1.504077 0.000100 0.000100 0.000100
 -1.403994 0.000100 0.000100 0.000100
 -1.327621 0.000100 0.000100 0.000100
 -1.320295 0.000100 0.000100 0.000100
 -1.403994 -1.368903 -1.209838 -1.600703
 -1.339774 -1.402295 -1.370546 -1.435084
 -1.128466 -1.511457 -1.446919 -1.511457
 -1.587776 -1.282395 -1.282395 -1.423473
 -1.129150 -1.335001 -1.894615 -1.335001
 -1.450833 -1.760986 -1.067842 -1.386294
 -0.923672 -1.416147 -1.478667 -2.022280
 -1.757856 -1.257083 -1.116005 -1.534714
 -1.183771 -1.524696 -1.556445 -1.326871
 -1.148623 -1.676689 -1.444888 -1.346449
 -1.176778 -1.201470 -1.363989 -1.999975
 -1.810107 -1.368276 -1.203973 -1.266494
 -1.379326 -1.379326 -1.667007 -1.178656
 -0.900163 -1.593308 -1.921810 -1.410987
 -0.994041 -1.410200 -1.548350 -1.753143
 -1.568615 -1.420196 -1.176574 -1.420196
 -1.130770 -1.425009 -1.596859 -1.451677
 -1.132230 -1.361803 -1.751267 -1.394593
 -1.324052 -1.324052 -1.433251 -1.472472
 -1.692818 -1.362578 -1.164753 -1.394326
 -1.218158 -1.266948 -1.659989 -1.459319
 -1.256617 -1.689480 -1.500238 -1.178656
 -1.438480 -1.033016 -1.826244 -1.403389
 -1.479980 -1.228666 -1.410987 -1.444888
 -1.408767 -1.321756 -1.439539 -1.378914
 -1.318241 -1.659989 -1.659989 -1.043805
 -1.518466 -1.098613 -1.609437 -1.395864
 -1.830673 -1.542992 -0.943373 -1.441210
 -1.609437 -1.031361 -1.911716 -1.218572
 -1.578185 -1.402295 -1.540444 -1.098613
 -1.348837 -1.025051 -1.697142 -1.617100
 -1.142098 -1.953025 -1.259881 -1.365241
 -1.325670 -1.067842 -2.367118 -1.214445
 -1.468738 -2.044100 -1.798978 -0.744821
 -1.071214 -1.248145 -2.117178 -1.386294
 -1.213682 -1.791758 -1.371906 -1.263692
 -1.473305 -0.826680 -2.079439 -1.568615
 -1.863216 -1.809149 -1.980999 -0.610457
 -1.283347 -1.374318 -2.020941 -1.086637
 -1.285651 -1.639290 -1.041455 -1.734600
 -1.184873 -0.825500 -2.023199 -2.087737
 -1.616817 -1.968214 -2.204601 -0.595168
 -1.157454 -0.847299 -2.456728 -1.763587
 -1.066037 -1.798403 -1.125460 -1.798403
 -1.072121 -0.876813 -2.806713 -1.708108
 -1.864783 -2.247773 -2.247773 -0.456019
 -1.269761 -0.681976 -2.409187 -2.090736
 -1.061709 -1.799305 -1.019149 -2.057133
 -1.185624 -0.735708 -2.667221 -1.925289
 -2.025372 -1.568615 -2.484901 -0.550974
 -0.885521 -0.980831 -2.302577 -2.184796
 -1.044909 -1.644529 -1.263162 -1.757857
 -0.947382 -0.879560 -2.910981 -1.945908
 -1.227605 -1.798148 -1.878190 -0.945373
 -0.679164 -1.864781 -1.777771 -1.777771
 -0.849717 -1.836210 -1.238375 -2.094037
 -1.337023 -0.755669 -3.091033 -1.504077
 -1.026293 -1.455287 -1.897118 -1.353505
 -0.793233 -1.540444 -2.032917 -1.597602
 -1.243795 -1.413693 -1.377326 -1.531476
 -1.468359 -0.723920 -2.540991 -1.579584
 -1.160745 -1.327798 -1.744691 -1.398416
 -0.970781 -1.704746 -1.417066 -1.624704
 -1.980999 -1.386294 -1.015922 -1.386294
 -1.830673 -0.963175 -1.879463 -1.186319
 -1.174120 -1.214126 -1.887068 -1.417066
 -1.469676 -1.078811 -1.514127 -1.560647
 -1.817733 -1.394878 -1.265667 -1.178656
 -1.440361 -1.209838 -2.028145 -1.098613
 -1.303407 -1.450010 -1.653608 -1.195776
 -1.560647 -1.139435 -1.609437 -1.309334
 -1.975540 -1.182312 -1.364633 -1.206409
 -1.531476 -1.098613 -2.224619 -1.071945
 -1.616310 -1.154966 -1.346021 -1.487099
 -1.118614 -1.319284 -1.842530 -1.396245
 -2.210208 -1.236763 -1.305756 -1.111600
 -1.108369 -1.744356 -1.638996 -1.200742
 -1.214784 -1.405839 -1.517064 -1.432507
 -1.185624 -1.314836 -1.424035 -1.686398
 -2.157216 -1.276861 -0.896089 -1.623136
 -0.000002 -14.077878 -14.077878 -14.077878
 -0.000002 -14.046625 -14.046625 -14.046625
 -0.000002 -14.151986 -14.151986 -14.151986
 -0.000003 -13.972518 -13.972518 -13.972518
 -0.864998 -1.243064 -2.269983 -1.675927
 -1.386294 -1.386294 -1.386294 -1.386294
 -1.386294 -1.386294 -1.386294 -1.386294
 -1.386294 -1.386294 -1.386294 -1.386294
 -14.585621 -14.585621 -14.585621 -0.000001
 -14.207556 -14.207556 -14.207556 -0.000002
 -13.180640 -13.180640 -13.180640 -0.000006
 -13.774693 -13.774693 -13.774693 -0.000003
 -1.386294 -1.386294 -1.386294 -1.386294
 -1.386294 -1.386294 -1.386294 -1.386294
 -1.386294 -1.386294 -1.386294 -1.386294
 -0.000001 -15.450617 -15.450617 -15.450617
 -15.450617 -15.450617 -0.000001 -15.450617
 -1.386294 -1.386294 -1.386294 -1.386294
 -1.386294 -1.386294 -1.386294 -1.386294
 -1.386294 -1.386294 -1.386294 -1.386294
 -1.386294 -1.386294 -1.386294 -1.386294
 -1.386294 -1.386294 -1.386294 -1.386294
 -1.436255 -1.576837 -0.993252 -1.686399
 -1.386294 -1.386294 -1.386294 -1.386294
 -1.436725 -1.277661 -2.406120 -0.932821
 -1.405342 -1.296144 -2.265538 -0.974561
 -1.186581 -1.239691 -1.914818 -1.355204
 -1.609437 -0.998530 -1.509354 -1.558144
 -1.169230 -1.169230 -2.049586 -1.386294
 -1.446919 -1.366876 -1.596450 -1.180291
 -1.171638 -1.490090 -1.429466 -1.490090
 -1.688949 -1.144223 -1.472727 -1.318576
 -1.383766 0.000100 0.000100 0.000100
 -1.314268 0.000100 0.000100 0.000100
 -1.310741 0.000100 0.000100 0.000100
 -1.555537 0.000100 0.000100 0.000100
 -1.322703 -1.371256 -1.406703 -1.448815
 -1.314714 -1.455792 -1.411340 -1.368781
 -1.057227 -1.410048 -1.386294 -1.842312
 -1.757858 -1.282434 -1.194523 -1.396845
 -1.427116 -1.351609 -1.307157 -1.467122
 -1.438119 -1.391358 -1.351551 -1.366294
 -1.219617 -1.319919 -1.452141 -1.592426
 -1.919204 -1.169438 -1.280934 -1.328187
 -1.397223 -1.375484 -1.239938 -1.557805
 -1.337113 -1.416041 -1.315038 -1.486069
 -1.289988 -1.344547 -1.294423 -1.660667
 -1.729724 -1.231002 -1.127012 -1.576648
 -1.326670 -1.366876 -1.341559 -1.521882
 -1.223533 -1.313917 -1.490848 -1.551809
 -1.193044 -1.401799 -1.332806 -1.677646
 -1.817894 -1.286717 -1.275788 -1.264977
 -1.340323 -1.416915 -1.397210 -1.392344
 -1.288006 -1.301310 -1.434842 -1.542472
 -1.233203 -1.298872 -1.359496 -1.720300
 -1.769095 -1.239951 -1.333283 -1.285529
 -1.308083 -1.345823 -1.298866 -1.627115
 -1.313535 -1.304801 -1.410162 -1.533394
 -1.255288 -1.347947 -1.382518 -1.588227
 -1.727221 -1.185624 -1.236917 -1.485501
 -1.344571 -1.363989 -1.316133 -1.534614
 -1.323493 -1.367945 -1.390935 -1.468268
 -1.048280 -1.515547 -1.402024 -1.694596
 -1.904667 -1.247514 -1.226788 -1.306830
 -1.387501 -1.290875 -1.407014 -1.467947
 -1.409109 -1.270463 -1.378804 -1.500325
 -1.121798 -1.368362 -1.483778 -1.645046
 -1.893339 -1.105740 -1.233768 -1.481604
 -1.363422 -1.486243 -1.180263 -1.556860
 -1.159586 -1.479820 -1.404313 -1.545667
 -1.225534 -1.471368 -1.260320 -1.643902
 -1.816742 -1.212231 -1.150746 -1.498289
 -1.379057 -1.518098 -1.296060 -1.364737
 -1.287204 -1.402043 -1.330584 -1.543923
 -1.225993 -1.346137 -1.325084 -1.711972
 -1.814643 -1.309389 -1.213571 -1.309389
 -1.482866 -1.382518 -1.328716 -1.357703
 -1.422662 -1.322075 -1.396551 -1.406914
 -1.169174 -1.330163 -1.402593 -1.720460
 -1.715263 -1.158976 -1.382119 -1.365590
 -1.416740 -1.384991 -1.281195 -1.472003
 -1.245827 -1.282792 -1.465950 -1.588771
 -1.116334 -1.487898 -1.377550 -1.637429
 -1.738696 -1.300192 -1.191337 -1.394502
 -1.325099 -1.521214 -1.221109 -1.510164
 -1.282168 -1.404963 -1.313773 -1.568369
 -1.187365 -1.440361 -1.312528 -1.666033
 -1.644892 -1.267383 -1.226974 -1.460067
 -1.371974 -1.357856 -1.321155 -1.503477
 -1.354384 -1.339421 -1.438202 -1.416580
 -1.228290 -1.316701 -1.437114 -1.601586
 -1.871055 -1.243094 -1.182774 -1.381820
 -1.413837 -1.413837 -1.247602 -1.485493
 -1.261062 -1.330055 -1.468701 -1.505259
 -1.358665 -1.259485 -1.335245 -1.629119
 -1.695059 -1.368375 -1.202583 -1.341419
 -1.517790 -1.354384 -1.249526 -1.443682
 -1.357721 -1.425708 -1.225952 -1.565722
 -1.271788 -1.430853 -1.301641 -1.567909
 -1.708265 -1.305388 -1.202102 -1.397594
 -1.436955 -1.281201 -1.442589 -1.392992
 -1.278921 -1.383779 -1.529589 -1.368816
 -1.184724 -1.319284 -1.446369 -1.653290
 -1.791759 -1.205858 -1.150798 -1.525491
 -1.355332 -1.468856 -1.293847 -1.436595
 -1.233802 -1.486256 -1.295424 -1.566298
 -1.212907 -1.415955 -1.442482 -1.497744
 -1.530255 -1.285413 -1.255560 -1.504776
 -1.296919 -1.292599 -1.309991 -1.702384
 -1.406045 -1.329281 -1.374629 -1.438480
 -1.372177 -1.204763 -1.339990 -1.688296
 -1.580045 -1.294088 -1.219240 -1.494183
 -1.333717 -1.338607 -1.249555 -1.673120
 -1.342978 -1.415082 -1.132083 -1.750620
 -1.274142 -1.375774 -1.245154 -1.715974
 -1.586623 -1.262037 -1.153962 -1.624942
 -0.000000 -15.902425 -15.902425 -15.902425
 -0.000000 -15.915980 -15.915980 -15.915980
 -0.000000 -16.074144 -16.074144 -16.074144
 -0.000001 -15.573369 -15.573369 -15.573369
 -1.360059 -1.264861 -1.417145 -1.520187
 -1.386294 -1.386294 -1.386294 -1.386294
 -1.386294 -1.386294 -1.386294 -1.386294
 -1.386294 -1.386294 -1.386294 -1.386294
 -15.908609 -15.908609 -15.908609 -0.000000
 -16.003807 -16.003807 -16.003807 -0.000000
 -15.851523 -15.851523 -15.851523 -0.000000
 -15.748481 -15.748481 -15.748481 -0.000000
 -1.386294 -1.386294 -1.386294 -1.386294
 -1.386294 -1.386294 -1.386294 -1.386294
 -1.386294 -1.386294 -1.386294 -1.386294
 0.000000 -17.268667 -17.268667 -17.268667
 -17.268667 -17.268667 -0.000000 -17.268667
 -1.386294 -1.386294 -1.386294 -1.386294
 -1.386294 -1.386294 -1.386294 -1.386294
 -1.386294 -1.386294 -1.386294 -1.386294
 -1.386294 -1.386294 -1.386294 -1.386294
 -1.386294 -1.386294 -1.386294 -1.386294
 -1.147577 -1.214577 -1.572166 -1.725048
 -1.386294 -1.386294 -1.386294 -1.386294
 -1.425954 -1.247790 -1.369487 -1.521679
 -1.130017 -1.338418 -1.656364 -1.496642
 -1.228665 -1.344497 -1.475525 -1.523316
 -1.768931 -1.091533 -1.363466 -1.435440
 -1.155488 -1.498086 -1.381498 -1.559046
 -1.258371 -1.538210 -1.336120 -1.434414
 -1.109662 -1.364554 -1.397344 -1.786280
 -1.529177 -1.412121 -1.193639 -1.441621
