 -1.338720 0.000100 0.000100 0.000100
 -1.412148 0.000100 0.000100 0.000100
 -1.356578 0.000100 0.000100 0.000100
 -1.441135 0.000100 0.000100 0.000100
 -1.143870 -1.469291 -1.508512 -1.469291
 -1.709520 -1.475906 -1.098613 -1.358124
 -1.098613 -1.713796 -1.308333 -1.531476
 -1.985912 -1.629239 -0.961413 -1.257677
 -1.485385 -1.197704 -1.367602 -1.527944
 -1.167606 -1.364316 -1.727219 -1.364316
 -1.053151 -1.527607 -1.724317 -1.363305
 -1.830224 -1.296144 -1.079921 -1.485385
 -1.368903 -1.180851 -1.558144 -1.478101
 -1.252763 -1.499623 -1.351203 -1.460402
 -1.190986 -1.292769 -1.533930 -1.580450
 -1.338892 -1.744356 -1.079382 -1.499234
 -1.282616 -1.377926 -1.945908 -1.115563
 -1.166932 -1.485385 -1.618916 -1.331235
 -1.089563 -1.089563 -1.810107 -1.810107
 -1.856295 -1.345473 -0.980831 -1.568615
 -1.438480 -1.274177 -1.635189 -1.244325
 -1.319603 -1.495493 -1.809149 -1.064712
 -1.189585 -1.087803 -1.526056 -1.956836
 -1.763587 -1.435084 -1.098613 -1.358124
 -1.562917 -1.127601 -1.945907 -1.127601
 -1.377636 -1.343735 -1.749198 -1.161414
 -1.173514 -1.316615 -1.866658 -1.316615
 -1.902983 -1.645155 -0.952010 -1.302212
 -1.252763 -1.289131 -1.589234 -1.449473
 -1.351203 -1.885283 -1.828125 -0.847299
 -0.959777 -1.247458 -2.145395 -1.547562
 -1.476891 -1.548350 -1.260669 -1.288839
 -1.277661 -1.090450 -1.970805 -1.402824
 -1.540444 -1.088461 -1.945907 -1.183771
 -1.075357 -1.351609 -1.877699 -1.398129
 -1.700786 -1.468986 -0.944463 -1.617405
 -1.494775 -0.888641 -2.033768 -1.453953
 -1.692818 -1.883873 -1.496109 -0.820982
 -1.165305 -1.200396 -1.760009 -1.536867
 -1.331235 -1.773066 -1.079921 -1.485385
 -1.871800 -0.732370 -2.246490 -1.348554
 -1.513294 -1.600305 -2.052287 -0.799529
 -1.365241 -0.854417 -1.904235 -1.770704
 -1.354546 -1.929907 -0.908260 -1.642227
 -1.386294 -0.850778 -2.261757 -1.519825
 -1.776491 -2.670302 -1.923093 -0.485510
 -1.156433 -0.775066 -2.186046 -2.186046
 -1.319603 -1.662547 -1.257083 -1.352393
 -1.219974 -0.741939 -2.862188 -1.763587
 -2.424796 -2.088327 -2.329487 -0.370681
 -1.332227 -0.665751 -1.974077 -2.484895
 -1.077560 -1.770705 -1.120119 -1.813264
 -0.944463 -0.897943 -2.736210 -1.974078
 -1.783790 -2.343402 -2.120260 -0.484510
 -0.856474 -1.457246 -1.892560 -1.651400
 -0.877071 -2.343402 -1.090645 -1.883873
 -1.032364 -0.923165 -2.585705 -1.764730
 -1.609437 -1.877699 -1.609437 -0.805067
 -0.467344 -2.120258 -2.371569 -1.832578
 -1.114743 -1.937940 -1.090645 -1.650259
 -1.185045 -0.793567 -2.976794 -1.655048
 -1.217672 -1.406914 -1.751752 -1.252763
 -0.451988 -2.552034 -1.571216 -2.552034
 -1.459625 -1.822529 -1.039773 -1.376244
 -1.602748 -0.713488 -2.519034 -1.477586
 -1.178656 -1.543298 -1.543298 -1.328187
 -0.998531 -1.335001 -2.251285 -1.335001
 -1.716046 -0.992130 -1.444114 -1.544197
 -1.704747 -0.986910 -1.927889 -1.203973
 -1.303708 -1.256080 -1.839224 -1.256080
 -1.624704 -1.791756 -1.011603 -1.299284
 -1.754017 -1.277095 -1.386294 -1.210404
 -1.526056 -1.056054 -1.577349 -1.477266
 -1.601405 -1.182696 -1.524444 -1.293921
 -1.280934 -1.167606 -1.504077 -1.666595
 -1.832580 -1.190728 -1.164753 -1.496109
 -1.727219 -1.727219 -1.555370 -0.836250
 -1.616817 -1.545359 -1.693778 -0.905323
 -1.286665 -1.321756 -1.820745 -1.219974
 -2.207270 -1.771955 -1.049823 -0.994254
 -2.116250 -1.528468 -2.339391 -0.568696
 -2.553890 -1.132515 -2.197219 -0.715622
 -1.856295 -1.197053 -1.856295 -0.953432
 -2.890363 -1.155771 -1.532248 -0.882905
 -12.923923 -12.923923 -0.000007 -12.923923
 -14.054531 -14.054531 -0.000002 -14.054531
 -13.429854 -13.429854 -0.000004 -13.429854
 -14.483342 -14.483342 -0.000002 -14.483342
 -1.386294 -1.386294 -1.386294 -1.386294
 -1.386294 -1.386294 -1.386294 -1.386294
 -0.782905 -1.312518 -1.861415 -2.134281
 -1.386294 -1.386294 -1.386294 -1.386294
 -14.493546 -14.493546 -14.493546 -0.000002
 -13.963934 -13.963934 -13.963934 -0.000003
 -13.415039 -13.415039 -13.415039 -0.000004
 -13.142174 -13.142174 -13.142174 -0.000006
 -1.386294 -1.386294 -1.386294 -1.386294
 -1.386294 -1.386294 -1.386294 -1.386294
 -1.386294 -1.386294 -1.386294 -1.386294
 -0.000001 -15.276449 -15.276449 -15.276449
 -15.276449 -15.276449 -0.000001 -15.276449
 -1.386294 -1.386294 -1.386294 -1.386294
 -1.386294 -1.386294 -1.386294 -1.386294
 -1.386294 -1.386294 -1.386294 -1.386294
 -1.386294 -1.386294 -1.386294 -1.386294
 -1.386294 -1.386294 -1.386294 -1.386294
 -1.138855 -1.735374 -1.153453 -1.671659
 -1.386294 -1.386294 -1.386294 -1.386294
 -1.595049 -1.238375 -2.036879 -0.976011
 -2.133503 -1.286211 -1.765782 -0.834228
 -1.275069 -1.329136 -1.868131 -1.199083
 -1.909539 -0.993253 -1.450010 -1.398717
 -1.287855 -1.287855 -1.980998 -1.170072
 -1.511982 -1.082988 -1.586090 -1.442990
 -1.429466 -1.266948 -1.372308 -1.490090
 -1.939082 -1.112406 -1.199417 -1.487099
 -1.512605 0.000100 0.000100 0.000100
 -1.292469 0.000100 0.000100 0.000100
 -1.188797 0.000100 0.000100 0.000100
 -1.607015 0.000100 0.000100 0.000100
 -1.268400 -1.464337 -1.353795 -1.473033
 -1.343066 -1.390319 -1.333877 -1.484984
 -1.176124 -1.389922 -1.375491 -1.662219
 -1.756099 -1.213923 -1.263269 -1.396245
 -1.475066 -1.254868 -1.350768 -1.482446
 -1.449737 -1.258842 -1.472126 -1.378532
 -1.205652 -1.340385 -1.413507 -1.632349
 -1.888473 -1.150011 -1.341233 -1.307331
 -1.485227 -1.315590 -1.152362 -1.664192
 -1.355125 -1.355125 -1.263633 -1.601745
 -1.337674 -1.301064 -1.250098 -1.721344
 -1.965844 -1.149708 -1.092055 -1.571628
 -1.281722 -1.438832 -1.347679 -1.489907
 -1.430963 -1.363522 -1.332938 -1.421045
 -1.140888 -1.431605 -1.325029 -1.738725
 -1.771557 -1.280934 -1.187481 -1.397697
 -1.472608 -1.333979 -1.253189 -1.506638
 -1.452652 -1.243135 -1.490971 -1.376666
 -1.152003 -1.307440 -1.491565 -1.668845
 -1.870293 -1.107717 -1.336210 -1.375278
 -1.644397 -1.329446 -1.213614 -1.405986
 -1.425577 -1.293649 -1.244324 -1.623402
 -1.373096 -1.348915 -1.176885 -1.720820
 -1.819320 -1.181572 -1.135196 -1.562036
 -1.387323 -1.391446 -1.343050 -1.425063
 -1.387896 -1.368847 -1.304899 -1.492544
 -1.186883 -1.497906 -1.228301 -1.723495
 -1.591476 -1.334362 -1.241631 -1.410028
 -1.436459 -1.289035 -1.336891 -1.495956
 -1.409910 -1.225752 -1.522651 -1.409910
 -1.192975 -1.216692 -1.594541 -1.622157
 -1.859742 -1.088552 -1.305707 -1.441373
 -1.663301 -1.311004 -1.088544 -1.588499
 -1.371653 -1.282705 -1.360092 -1.549334
 -1.245804 -1.288786 -1.333698 -1.753398
 -1.907332 -1.089802 -1.168870 -1.587074
 -1.247825 -1.561119 -1.392253 -1.368630
 -1.278336 -1.451905 -1.300559 -1.537135
 -1.149385 -1.541715 -1.299537 -1.627110
 -1.830095 -1.230880 -1.305571 -1.285369
 -1.464145 -1.331058 -1.324847 -1.432618
 -1.500790 -1.185025 -1.548315 -1.352079
 -1.193014 -1.229079 -1.597117 -1.601207
 -1.896483 -1.153636 -1.289768 -1.350610
 -1.489312 -1.380553 -1.122897 -1.621021
 -1.329303 -1.430883 -1.181667 -1.663505
 -1.369795 -1.296207 -1.256467 -1.673360
 -1.854817 -1.132514 -1.155771 -1.577544
 -1.317884 -1.457646 -1.321513 -1.457646
 -1.280934 -1.392852 -1.373307 -1.511457
 -1.169912 -1.371353 -1.360117 -1.719189
 -1.857203 -1.131968 -1.174985 -1.548015
 -1.455167 -1.349085 -1.268043 -1.488197
 -1.459038 -1.261678 -1.499860 -1.342468
 -1.176396 -1.363529 -1.396212 -1.669600
 -1.912712 -1.079803 -1.324925 -1.399033
 -1.525869 -1.543261 -1.094871 -1.451145
 -1.427900 -1.471313 -1.165033 -1.520274
 -1.392395 -1.311814 -1.228304 -1.663891
 -1.782190 -1.233243 -1.072045 -1.619100
 -1.346073 -1.508592 -1.289984 -1.413693
 -1.370546 -1.398717 -1.258955 -1.536338
 -1.286474 -1.375305 -1.296524 -1.621947
 -1.683465 -1.302787 -1.196655 -1.425893
 -1.394327 -1.321756 -1.341959 -1.496109
 -1.489092 -1.248775 -1.566841 -1.277034
 -1.294610 -1.163932 -1.520607 -1.633935
 -2.097569 -1.015351 -1.311331 -1.404422
 -1.539452 -1.297960 -1.085785 -1.744247
 -1.345299 -1.273172 -1.356441 -1.599388
 -1.381671 -1.276680 -1.218599 -1.747348
 -1.918053 -1.174896 -1.084587 -1.578837
 -1.343403 -1.456426 -1.465010 -1.291347
 -1.308875 -1.500986 -1.380121 -1.364854
 -1.160101 -1.489637 -1.368276 -1.577235
 -1.723462 -1.317997 -1.292355 -1.275618
 -1.359890 -1.518393 -1.305995 -1.373005
 -1.400506 -1.392901 -1.412022 -1.341229
 -1.255389 -1.277095 -1.541028 -1.504952
 -2.006977 -1.367897 -1.117355 -1.259416
 -16.164024 -16.164024 -0.000000 -16.164024
 -16.242966 -16.242966 -0.000000 -16.242966
 -16.298750 -16.298750 -0.000000 -16.298750
 -16.263062 -16.263062 -0.000000 -16.263062
 -1.386294 -1.386294 -1.386294 -1.386294
 -1.386294 -1.386294 -1.386294 -1.386294
 -1.221925 -1.289261 -1.271014 -1.901689
 -1.386294 -1.386294 -1.386294 -1.386294
 -16.407776 -16.407776 -16.407776 -0.000000
 -16.340439 -16.340439 -16.340439 -0.000000
 -16.358686 -16.358686 -16.358686 -0.000000
 -15.728012 -15.728012 -15.728012 -0.000000
 -1.386294 -1.386294 -1.386294 -1.386294
 -1.386294 -1.386294 -1.386294 -1.386294
 -1.386294 -1.386294 -1.386294 -1.386294
 0.000000 -17.629700 -17.629700 -17.629700
 -17.629700 -17.629700 0.000000 -17.629700
 -1.386294 -1.386294 -1.386294 -1.386294
 -1.386294 -1.386294 -1.386294 -1.386294
 -1.386294 -1.386294 -1.386294 -1.386294
 -1.386294 -1.386294 -1.386294 -1.386294
 -1.386294 -1.386294 -1.386294 -1.386294
 -1.233973 -1.153231 -1.622536 -1.630388
 -1.386294 -1.386294 -1.386294 -1.386294
 -1.529395 -1.253142 -1.263809 -1.536413
 -1.399661 -1.305123 -1.460994 -1.385596
 -1.350086 -1.283395 -1.459286 -1.464105
 -1.707567 -1.291804 -1.126011 -1.515972
 -1.196251 -1.616244 -1.352005 -1.425825
 -1.319372 -1.603094 -1.298753 -1.352658
 -1.101948 -1.507413 -1.344707 -1.683738
 -1.580177 -1.429354 -1.176263 -1.401739
