 -1.420583 0.000100 0.000100 0.000100
 -1.342331 0.000100 0.000100 0.000100
 -1.414786 0.000100 0.000100 0.000100
 -1.369581 0.000100 0.000100 0.000100
 -1.069958 -1.458615 -1.713506 -1.409825
 -1.375599 -1.562185 -1.274503 -1.354546
 -1.261472 -1.439719 -1.241269 -1.656783
 -1.940399 -1.286474 -1.055363 -1.460827
 -1.306677 -1.437297 -1.414307 -1.391834
 -1.285651 -1.639290 -1.398129 -1.264598
 -0.934310 -1.945909 -1.103728 -2.020016
 -1.810107 -1.522426 -0.901254 -1.550597
 -1.272966 -1.203973 -1.448170 -1.687399
 -1.304056 -1.574346 -1.386294 -1.304056
 -1.136000 -1.377162 -1.377162 -1.746908
 -1.704747 -1.323381 -1.252763 -1.323381
 -1.365675 -1.098613 -1.646577 -1.519825
 -1.391714 -1.459156 -1.308333 -1.391714
 -1.266672 -1.266672 -1.391834 -1.672136
 -1.992428 -1.085710 -1.426035 -1.252763
 -1.684006 -0.787262 -1.939938 -1.534474
 -1.252763 -1.358124 -1.609437 -1.358124
 -1.466337 -0.971016 -1.603538 -1.664162
 -1.779782 -1.001115 -1.374318 -1.556639
 -1.566087 -1.150573 -1.536234 -1.349023
 -1.146815 -1.237199 -1.670062 -1.590019
 -1.459319 -1.004584 -1.697729 -1.521839
 -1.590509 -1.318576 -1.227605 -1.445328
 -1.449716 -1.217094 -1.449716 -1.449716
 -1.194841 -1.472472 -1.695615 -1.257361
 -1.453434 -1.011602 -1.453434 -1.778855
 -1.945908 -1.149579 -1.130161 -1.526056
 -1.023650 -1.822156 -1.591633 -1.289353
 -1.269570 -1.945909 -1.881370 -0.858472
 -0.976916 -1.877700 -1.957743 -1.110447
 -1.442384 -1.640209 -1.299283 -1.214126
 -1.359626 -1.574036 -2.001478 -0.914042
 -1.279197 -1.449095 -1.800491 -1.134015
 -1.504077 -1.408767 -1.769779 -1.013455
 -1.630491 -1.491655 -1.386294 -1.111192
 -0.835323 -2.116253 -1.051545 -2.339395
 -0.980830 -2.436112 -1.123931 -1.548813
 -0.578739 -3.091029 -1.327454 -2.049586
 -1.130615 -3.139431 -0.639495 -2.241495
 -14.873302 -0.000001 -14.873302 -14.873302
 -13.142174 -0.000006 -13.142174 -13.142174
 -14.841554 -0.000001 -14.841554 -14.841554
 -13.753639 -0.000003 -13.753639 -13.753639
 -1.386294 -1.386294 -1.386294 -1.386294
 -2.656054 -2.579093 -3.677701 -0.187956
 -1.386294 -1.386294 -1.386294 -1.386294
 -1.386294 -1.386294 -1.386294 -1.386294
 -2.302573 -0.510830 -2.525712 -1.514127
 -1.349927 -1.686396 -1.791756 -0.944464
 -1.280936 -1.098618 -1.098618 -2.890294
 -0.539481 -2.691241 -1.117432 -3.815166
 -0.000001 -15.118424 -15.118424 -15.118424
 -0.000003 -13.664692 -13.664692 -13.664692
 -0.000001 -14.566929 -14.566929 -14.566929
 -0.000006 -13.038990 -13.038990 -13.038990
 -2.636251 -0.339567 -3.572341 -1.670238
 -1.386294 -1.386294 -1.386294 -1.386294
 -1.386294 -1.386294 -1.386294 -1.386294
 -1.386294 -1.386294 -1.386294 -1.386294
 -1.985909 -0.887306 -2.140057 -1.098614
 -1.069456 -1.308530 -1.859063 -1.466337
 -0.916298 -1.049828 -1.897107 -2.302555
 -1.602002 -1.184268 -1.286922 -1.530543
 -1.332227 -1.232144 -1.819929 -1.264405
 -1.284825 -1.200742 -1.664314 -1.456675
 -1.244795 -1.301953 -1.883873 -1.244795
 -1.671957 -1.116962 -1.417066 -1.417066
 -1.460827 -1.560910 -1.460827 -1.120960
 -1.647720 -1.112797 -1.647720 -1.250419
 -1.754854 -1.201470 -1.594512 -1.129150
 -2.042300 -1.308333 -1.177305 -1.231372
 -1.732039 -1.371027 -1.776491 -0.916292
 -1.574695 -1.245216 -1.481604 -1.280934
 -1.429114 -1.534474 -1.311332 -1.289353
 -2.121799 -1.117218 -1.302360 -1.269024
 -1.401798 -1.284016 -3.075761 -0.842184
 -1.817467 -1.275871 -1.672285 -0.992745
 -1.478102 -1.335001 -1.845825 -1.047320
 -2.475600 -0.983950 -1.702414 -1.022171
 -1.428495 -1.106912 -3.186336 -0.945644
 -1.637608 -1.216396 -2.007981 -0.980830
 -1.107830 -1.164988 -2.206437 -1.395511
 -2.492451 -0.829907 -1.919934 -1.094860
 -0.732679 -1.304465 -2.662580 -1.724317
 -1.142885 -1.476891 -1.233269 -1.823761
 -0.859134 -1.307157 -1.609437 -2.245420
 -1.808288 -1.008532 -1.140460 -1.886249
 -14.599414 -0.000001 -14.599414 -14.599414
 -14.533352 -0.000002 -14.533352 -14.533352
 -14.392126 -0.000002 -14.392126 -14.392126
 -13.910825 -0.000003 -13.910825 -13.910825
 -1.386294 -1.386294 -1.386294 -1.386294
 -0.000001 -15.778419 -15.778419 -15.778419
 -1.386294 -1.386294 -1.386294 -1.386294
 -1.386294 -1.386294 -1.386294 -1.386294
 -15.778419 -15.778419 -0.000000 -15.778419
 -1.386294 -1.386294 -1.386294 -1.386294
 -1.386294 -1.386294 -1.386294 -1.386294
 -1.386294 -1.386294 -1.386294 -1.386294
 -1.386294 -1.386294 -1.386294 -1.386294
 -1.386294 -1.386294 -1.386294 -1.386294
 -1.249958 -1.336969 -1.254872 -1.797393
 -1.386294 -1.386294 -1.386294 -1.386294
 -1.821611 -1.257677 -1.604548 -1.041454
 -1.567547 -1.359908 -1.734600 -1.026417
 -1.381380 -1.270155 -1.529016 -1.381380
 -1.635189 -1.081806 -1.726161 -1.244325
 -0.923165 -1.222407 -2.498694 -1.487099
 -1.202332 -1.218862 -1.757857 -1.463058
 -1.173274 -1.173274 -1.676376 -1.638636
 -1.499623 -1.094158 -1.499623 -1.519825
 -1.308996 0.000100 0.000100 0.000100
 -1.226596 0.000100 0.000100 0.000100
 -1.487643 0.000100 0.000100 0.000100
 -1.557247 0.000100 0.000100 0.000100
 -1.547971 -1.188416 -1.158662 -1.779564
 -1.525491 -1.141909 -1.395755 -1.534187
 -1.313235 -1.108440 -1.364528 -1.927738
 -2.148621 -0.850361 -1.230086 -1.808944
 -1.407917 -1.260817 -1.375656 -1.517537
 -1.300094 -1.339553 -1.330308 -1.603777
 -1.199326 -1.192726 -1.433290 -1.853507
 -2.051618 -0.957080 -1.232592 -1.630024
 -1.276294 -1.372001 -1.458615 -1.449136
 -1.375285 -1.248620 -1.479025 -1.458984
 -1.145436 -1.269931 -1.443202 -1.802454
 -1.907743 -1.033084 -1.412573 -1.377686
 -1.656882 -1.205411 -1.061591 -1.809151
 -1.460329 -1.119767 -1.396816 -1.639377
 -1.313535 -1.059301 -1.511772 -1.808406
 -2.295056 -0.890186 -1.204813 -1.666448
 -1.444179 -1.175573 -1.387667 -1.581038
 -1.374280 -1.215590 -1.315530 -1.703138
 -1.315315 -1.087737 -1.420676 -1.876784
 -1.915373 -0.976189 -1.196251 -1.750751
 -1.423402 -1.213023 -1.478554 -1.453107
 -1.351996 -1.316451 -1.413032 -1.470601
 -1.228403 -1.165883 -1.581500 -1.661118
 -1.773240 -0.979792 -1.487854 -1.474156
 -1.705306 -1.281603 -1.002998 -1.749200
 -1.455546 -1.153433 -1.366598 -1.628608
 -1.453028 -1.075734 -1.330626 -1.827721
 -2.324145 -0.963827 -1.225534 -1.482358
 -1.432194 -1.239823 -1.408241 -1.481894
 -1.391383 -1.150707 -1.384604 -1.690468
 -1.224906 -1.199588 -1.478971 -1.731467
 -2.020018 -1.033710 -1.203002 -1.554144
 -1.343155 -1.347609 -1.334305 -1.533509
 -1.284455 -1.409407 -1.491850 -1.370601
 -1.164247 -1.248391 -1.559240 -1.657680
 -1.987733 -1.036991 -1.432545 -1.310171
 -1.763950 -1.224426 -1.109518 -1.584798
 -1.649644 -1.195796 -1.421386 -1.331657
 -1.434848 -1.185193 -1.424947 -1.534146
 -2.179524 -0.955750 -1.224014 -1.568616
 -15.685774 -0.000001 -15.685774 -15.685774
 -16.265654 -0.000000 -16.265654 -16.265654
 -16.117096 -0.000000 -16.117096 -16.117096
 -15.912301 -0.000000 -15.912301 -15.912301
 -1.386294 -1.386294 -1.386294 -1.386294
 -1.352890 -1.170747 -1.445746 -1.630650
 -1.386294 -1.386294 -1.386294 -1.386294
 -1.386294 -1.386294 -1.386294 -1.386294
 -1.399198 -1.403536 -0.860201 -2.472167
 -1.371270 -1.086223 -1.243016 -2.118484
 -1.255698 -0.964935 -1.411222 -2.404953
 -2.233121 -0.650353 -1.240846 -2.503411
 -0.000000 -15.937773 -15.937773 -15.937773
 -0.000000 -16.383532 -16.383532 -16.383532
 -0.000000 -16.242966 -16.242966 -16.242966
 -0.000001 -15.065413 -15.065413 -15.065413
 -1.272847 -1.367960 -1.383261 -1.539065
 -1.386294 -1.386294 -1.386294 -1.386294
 -1.386294 -1.386294 -1.386294 -1.386294
 -1.386294 -1.386294 -1.386294 -1.386294
 -1.664163 -1.234683 -0.963234 -1.980016
 -1.579521 -0.985904 -1.414899 -1.726679
 -1.326447 -1.131072 -1.309986 -1.951432
 -2.080729 -0.954997 -1.208703 -1.651494
 -1.479385 -1.090314 -1.461257 -1.588818
 -1.344141 -1.149435 -1.477227 -1.639118
 -1.208271 -1.196039 -1.318773 -2.029252
 -2.022664 -0.928391 -1.224807 -1.722079
 -1.278457 -1.421869 -1.417207 -1.435987
 -1.314228 -1.271408 -1.499052 -1.480430
 -1.143564 -1.229948 -1.561171 -1.719694
 -1.865503 -1.065976 -1.320572 -1.453258
 -1.619964 -1.226922 -1.050570 -1.837831
 -1.501175 -1.215669 -1.333452 -1.527608
 -1.441287 -1.034148 -1.327420 -1.947099
 -2.198486 -0.898171 -1.138489 -1.823793
 -1.361118 -1.203029 -1.372229 -1.661775
 -1.344149 -1.256080 -1.376410 -1.599553
 -1.185372 -1.263905 -1.442313 -1.740466
 -2.105416 -0.910698 -1.373555 -1.501676
 -1.284262 -1.403045 -1.354684 -1.517455
 -1.341491 -1.420103 -1.489361 -1.304387
 -1.133744 -1.298912 -1.596163 -1.596163
 -1.724748 -0.970044 -1.431132 -1.591217
 -1.697972 -1.107016 -1.066700 -1.950103
 -1.752692 -0.987492 -1.406416 -1.564640
 -1.439165 -0.978039 -1.485685 -1.829592
 -2.216784 -0.838859 -1.364737 -1.592631
 -15.667110 -0.000001 -15.667110 -15.667110
 -16.426315 -0.000000 -16.426315 -16.426315
 -16.092779 -0.000000 -16.092779 -16.092779
 -15.684232 -0.000001 -15.684232 -15.684232
 -1.386294 -1.386294 -1.386294 -1.386294
 0.000000 -17.404846 -17.404846 -17.404846
 -1.386294 -1.386294 -1.386294 -1.386294
 -1.386294 -1.386294 -1.386294 -1.386294
 -17.404846 -17.404846 -0.000000 -17.404846
 -1.386294 -1.386294 -1.386294 -1.386294
 -1.386294 -1.386294 -1.386294 -1.386294
 -1.386294 -1.386294 -1.386294 -1.386294
 -1.386294 -1.386294 -1.386294 -1.386294
 -1.386294 -1.386294 -1.386294 -1.386294
 -1.305933 -1.077300 -1.467074 -1.845366
 -1.386294 -1.386294 -1.386294 -1.386294
 -1.275444 -1.379184 -1.331744 -1.585268
 -1.276564 -1.312071 -1.489584 -1.485994
 -1.230264 -1.170604 -1.646027 -1.585768
 -1.714410 -1.026129 -1.586965 -1.358706
 -1.568823 -1.255357 -1.076070 -1.796954
 -1.538210 -1.181535 -1.366360 -1.498818
 -1.287088 -1.086417 -1.482832 -1.835653
 -2.160319 -0.889095 -1.274937 -1.638683
