 -1.387675 0.000100 0.000100 0.000100
 -1.349730 0.000100 0.000100 0.000100
 -1.444508 0.000100 0.000100 0.000100
 -1.365816 0.000100 0.000100 0.000100
 -1.228205 -1.414307 -1.286474 -1.672136
 -1.193391 -1.498772 -1.475242 -1.407801
 -1.134331 -1.270463 -1.558144 -1.675927
 -1.819157 -1.109483 -1.177305 -1.609437
 -1.444358 -1.444358 -1.321756 -1.341174
 -1.321756 -1.488810 -1.488810 -1.265667
 -1.182696 -1.375599 -1.562185 -1.464546
 -1.959422 -1.072121 -1.340385 -1.366360
 -1.299283 -1.409284 -1.532897 -1.320337
 -1.266150 -1.522870 -1.498772 -1.285198
 -1.098613 -1.330414 -1.575536 -1.632694
 -1.797120 -1.205757 -1.170666 -1.493439
 -1.418383 -1.221673 -1.583462 -1.355204
 -1.255455 -1.274503 -1.588160 -1.464546
 -1.267235 -1.188764 -1.575536 -1.575536
 -1.832580 -1.427116 -1.037652 -1.403586
 -1.363822 -1.278664 -1.615135 -1.320337
 -1.324222 -1.484564 -1.506543 -1.252763
 -1.070442 -1.272966 -1.730798 -1.609437
 -1.478102 -1.452784 -1.171372 -1.478102
 -1.550597 -1.039772 -1.704747 -1.376244
 -1.207603 -1.813737 -1.526056 -1.137399
 -1.338666 -0.851372 -1.698668 -2.055342
 -1.721649 -1.337238 -1.093042 -1.498506
 -1.433922 -1.276294 -1.851656 -1.122143
 -1.160390 -1.691017 -1.428654 -1.336846
 -1.261840 -1.180163 -1.448426 -1.744691
 -1.398129 -1.639290 -1.092748 -1.498212
 -1.280934 -1.113880 -1.459625 -1.822530
 -1.177203 -1.563975 -1.536576 -1.318853
 -1.194494 -0.834054 -1.832580 -2.274411
 -1.431757 -1.637608 -0.888893 -1.860751
 -1.791758 -0.712951 -2.322385 -1.406097
 -1.618916 -1.643014 -2.466211 -0.647057
 -1.288530 -0.777706 -2.329981 -1.786368
 -1.562184 -1.354546 -1.601405 -1.106710
 -1.504077 -1.159238 -2.140063 -1.060147
 -2.026598 -2.026598 -2.461914 -0.428997
 -1.258955 -1.398717 -2.784996 -0.897943
 -1.160579 -1.787476 -1.261384 -1.443705
 -0.589008 -14.310209 -1.436305 -1.573505
 -0.959777 -14.159103 -1.077560 -1.285198
 -0.535145 -13.919874 -1.713796 -1.451433
 -0.850540 -14.943683 -0.806088 -2.069778
 -1.125281 -0.598369 -3.532217 -2.338301
 -1.386294 -1.386294 -1.386294 -1.386294
 -1.311604 -0.445013 -3.304024 -2.936303
 -2.036879 -0.938271 -1.631416 -1.263692
 -2.788087 -0.324241 -2.564945 -1.977161
 -2.325398 -2.492452 -2.730862 -0.281852
 -0.832913 -1.343735 -1.882726 -1.882726
 -1.307157 -2.363202 -1.110448 -1.184556
 -0.000003 -13.753639 -13.753639 -13.753639
 -0.000002 -14.478201 -14.478201 -14.478201
 -0.000004 -13.541079 -13.541079 -13.541079
 -0.000001 -15.099219 -15.099219 -15.099219
 -0.557894 -1.726359 -2.578837 -1.749890
 -1.386294 -1.386294 -1.386294 -1.386294
 -1.386294 -1.386294 -1.386294 -1.386294
 -1.386294 -1.386294 -1.386294 -1.386294
 -2.364715 -0.471451 -2.660980 -1.550941
 -1.333452 -1.276294 -1.458615 -1.492516
 -1.609436 -1.116963 -1.442383 -1.442383
 -2.003066 -1.252763 -1.172721 -1.309922
 -1.357024 -1.396245 -2.417889 -0.901550
 -0.995260 -1.424255 -1.760727 -1.524338
 -1.342234 -1.183170 -1.618487 -1.451433
 -1.841769 -1.168041 -1.386294 -1.271225
 -1.585907 -1.157453 -1.609437 -1.269570
 -1.108976 -1.242507 -2.009760 -1.396657
 -1.356441 -1.169230 -2.174748 -1.145133
 -1.874450 -1.290504 -1.413106 -1.114613
 -1.498212 -1.307157 -1.803593 -1.075356
 -1.478818 -1.363305 -1.499437 -1.227504
 -1.075624 -1.075624 -2.087221 -1.640936
 -2.056019 -1.326506 -0.995150 -1.439835
 -1.373716 -1.233954 -1.927099 -1.170775
 -1.776943 -1.314321 -1.665718 -0.985817
 -1.243978 -1.223776 -1.916921 -1.307157
 -1.982276 -1.346289 -1.183770 -1.217672
 -1.297063 -1.181994 -2.302581 -1.139435
 -1.352061 -1.160171 -1.971099 -1.242862
 -1.270035 -1.133460 -2.344545 -1.199417
 -2.433610 -0.875469 -1.791759 -1.111858
 -0.788459 -1.186805 -2.146578 -2.092511
 -1.131004 -1.335798 -1.305945 -1.941933
 -0.725238 -1.509354 -1.609437 -2.356645
 -1.445808 -1.321756 -1.059392 -1.889739
 -14.731803 -0.000001 -14.731803 -14.731803
 -14.478201 -0.000002 -14.478201 -14.478201
 -14.419828 -0.000002 -14.419828 -14.419828
 -13.795312 -0.000003 -13.795312 -13.795312
 -1.386294 -1.386294 -1.386294 -1.386294
 -0.000000 -15.796513 -15.796513 -15.796513
 -1.386294 -1.386294 -1.386294 -1.386294
 -1.386294 -1.386294 -1.386294 -1.386294
 -15.796513 -15.796513 -0.000000 -15.796513
 -1.386294 -1.386294 -1.386294 -1.386294
 -1.386294 -1.386294 -1.386294 -1.386294
 -1.386294 -1.386294 -1.386294 -1.386294
 -1.386294 -1.386294 -1.386294 -1.386294
 -1.386294 -1.386294 -1.386294 -1.386294
 -1.344425 -1.450373 -1.170071 -1.637412
 -1.386294 -1.386294 -1.386294 -1.386294
 -1.578185 -1.349927 -1.552867 -1.130874
 -1.472237 -1.264598 -1.609437 -1.243978
 -1.257218 -1.305227 -1.727220 -1.321756
 -2.058385 -1.016935 -1.311174 -1.422399
 -1.143349 -1.203973 -2.030649 -1.386294
 -1.410509 -1.152680 -1.815973 -1.281891
 -1.310309 -1.152680 -1.497520 -1.656584
 -1.791758 -1.069625 -1.489478 -1.329136
 -1.350750 0.000100 0.000100 0.000100
 -1.260525 0.000100 0.000100 0.000100
 -1.446489 0.000100 0.000100 0.000100
 -1.504836 0.000100 0.000100 0.000100
 -1.640344 -1.196071 -1.075853 -1.815848
 -1.537242 -1.097543 -1.368276 -1.625611
 -1.385007 -1.091340 -1.467196 -1.696410
 -2.161458 -0.928656 -1.208687 -1.654593
 -1.284245 -1.343821 -1.359789 -1.581927
 -1.261429 -1.334406 -1.317599 -1.683843
 -1.244705 -1.330695 -1.275126 -1.782098
 -1.827638 -1.102474 -1.207282 -1.569497
 -1.271141 -1.369771 -1.400734 -1.519107
 -1.334854 -1.314178 -1.491329 -1.414549
 -1.086176 -1.332208 -1.512022 -1.725199
 -1.979664 -0.971593 -1.405755 -1.434549
 -1.631459 -1.216921 -1.089862 -1.760536
 -1.530188 -1.058544 -1.452802 -1.596370
 -1.366976 -1.109070 -1.399823 -1.780124
 -2.123514 -0.961090 -1.202583 -1.622034
 -1.318964 -1.379707 -1.307621 -1.558399
 -1.298285 -1.396233 -1.242774 -1.656058
 -1.187771 -1.326759 -1.290489 -1.866733
 -1.981410 -1.075449 -1.122883 -1.631477
 -1.349814 -1.366724 -1.415980 -1.414352
 -1.336047 -1.310800 -1.451879 -1.455074
 -1.166103 -1.271713 -1.468914 -1.726563
 -1.804918 -0.994723 -1.421775 -1.494321
 -1.645370 -1.196160 -1.071913 -1.817983
 -1.530071 -1.028706 -1.419529 -1.691827
 -1.323360 -1.092222 -1.431757 -1.836328
 -2.213568 -0.899754 -1.200428 -1.698515
 -1.288999 -1.361689 -1.373665 -1.536893
 -1.257847 -1.402360 -1.291010 -1.636161
 -1.278914 -1.276324 -1.291969 -1.784565
 -1.832435 -1.089277 -1.247501 -1.531110
 -1.258820 -1.313802 -1.518991 -1.477173
 -1.417900 -1.237874 -1.471287 -1.434862
 -1.172834 -1.232038 -1.526946 -1.705861
 -2.035328 -1.020845 -1.388890 -1.348151
 -1.650766 -1.202624 -1.079763 -1.783695
 -1.515821 -1.014906 -1.390024 -1.778648
 -1.321311 -1.117011 -1.372605 -1.880510
 -2.427148 -0.839371 -1.189070 -1.741683
 -1.084127 -16.769899 -1.025771 -1.193089
 -0.992682 -17.373142 -1.037518 -1.290673
 -0.937246 -17.155188 -0.958280 -1.492798
 -1.422167 -16.616444 -0.799453 -1.173655
 -1.273256 -1.296293 -1.404719 -1.603947
 -1.386294 -1.386294 -1.386294 -1.386294
 -1.145247 -1.210120 -1.466426 -1.877681
 -1.989213 -0.987543 -1.359157 -1.453165
 -1.892384 -1.038360 -0.977670 -2.128073
 -1.426573 -1.022014 -1.259310 -2.152872
 -1.378009 -1.110328 -1.172848 -2.216545
 -2.448162 -0.717155 -1.144455 -2.234823
 -0.000000 -16.753084 -16.753084 -16.753084
 0.000000 -17.430744 -17.430744 -17.430744
 0.000000 -17.271511 -17.271511 -17.271511
 -0.000000 -16.233210 -16.233210 -16.233210
 -1.253420 -1.353876 -1.487687 -1.468192
 -1.386294 -1.386294 -1.386294 -1.386294
 -1.386294 -1.386294 -1.386294 -1.386294
 -1.386294 -1.386294 -1.386294 -1.386294
 -1.828166 -1.221230 -0.870455 -2.074146
 -1.569164 -1.104107 -1.313473 -1.653445
 -1.325117 -1.138316 -1.336972 -1.888950
 -2.234324 -1.049384 -1.053150 -1.640182
 -1.351808 -1.217218 -1.377561 -1.645156
 -1.268859 -1.276685 -1.416166 -1.623309
 -1.186295 -1.315090 -1.283520 -1.902876
 -1.757858 -1.075483 -1.252763 -1.605750
 -1.287996 -1.321472 -1.516642 -1.435539
 -1.386994 -1.299866 -1.515337 -1.355289
 -1.181158 -1.166232 -1.560648 -1.762948
 -1.814892 -1.123458 -1.360419 -1.364776
 -1.673845 -1.231862 -1.054968 -1.757226
 -1.554328 -1.121820 -1.356503 -1.582687
 -1.376407 -1.086491 -1.374619 -1.850354
 -2.251071 -0.984654 -1.137234 -1.607238
 -1.335001 -1.328959 -1.287655 -1.628762
 -1.339413 -1.355884 -1.308394 -1.560517
 -1.247623 -1.222814 -1.344250 -1.847202
 -1.870710 -1.168737 -1.094253 -1.607256
 -1.260893 -1.391979 -1.405093 -1.502055
 -1.353237 -1.373011 -1.413774 -1.406372
 -1.148484 -1.226446 -1.567104 -1.709806
 -1.778039 -1.120095 -1.337555 -1.417598
 -1.713396 -1.150450 -1.011792 -1.968357
 -1.774770 -0.991212 -1.403577 -1.543488
 -1.507271 -1.016609 -1.356141 -1.838766
 -2.069428 -0.873093 -1.314804 -1.673671
 -16.667950 -0.000000 -16.667950 -16.667950
 -17.401525 0.000000 -17.401525 -17.401525
 -17.153769 0.000000 -17.153769 -17.153769
 -16.669104 -0.000000 -16.669104 -16.669104
 -1.386294 -1.386294 -1.386294 -1.386294
 0.000000 -18.410025 -18.410025 -18.410025
 -1.386294 -1.386294 -1.386294 -1.386294
 -1.386294 -1.386294 -1.386294 -1.386294
 -18.410025 -18.410025 0.000000 -18.410025
 -1.386294 -1.386294 -1.386294 -1.386294
 -1.386294 -1.386294 -1.386294 -1.386294
 -1.386294 -1.386294 -1.386294 -1.386294
 -1.386294 -1.386294 -1.386294 -1.386294
 -1.386294 -1.386294 -1.386294 -1.386294
 -1.278874 -1.180729 -1.368464 -1.831975
 -1.386294 -1.386294 -1.386294 -1.386294
 -1.278323 -1.413532 -1.388475 -1.475090
 -1.289131 -1.331846 -1.576414 -1.371266
 -1.142866 -1.177068 -1.682752 -1.676362
 -1.799364 -1.055974 -1.489973 -1.341843
 -1.603461 -1.240475 -1.091519 -1.749575
 -1.470873 -1.129083 -1.456973 -1.541756
 -1.445985 -1.071416 -1.408980 -1.728390
 -2.262288 -0.937735 -1.245354 -1.530001
