 -1.384956 0.000100 0.000100 0.000100
 -1.374318 0.000100 0.000100 0.000100
 -1.369041 0.000100 0.000100 0.000100
 -1.417568 0.000100 0.000100 0.000100
 -1.319086 -1.299283 -1.493439 -1.446919
 -1.234414 -1.290504 -1.528175 -1.528175
 -0.916292 -1.186581 -2.202499 -1.691675
 -1.940399 -1.138054 -1.348349 -1.286474
 -1.400893 -1.461518 -1.238374 -1.461518
 -1.214685 -1.437828 -1.400088 -1.517870
 -1.125460 -1.066037 -1.303708 -2.820047
 -2.000302 -1.041455 -1.075356 -1.768502
 -1.452252 -1.304616 -1.158905 -1.710081
 -1.182199 -1.331235 -1.773066 -1.349253
 -1.057228 -1.266948 -1.353959 -2.183236
 -1.678963 -1.113651 -1.342492 -1.496642
 -1.210404 -1.277095 -14.547880 -0.860202
 -1.224724 -1.257514 -14.562201 -0.863223
 -0.986250 -1.213023 -14.430698 -1.109483
 -2.129628 -0.973861 -14.173188 -0.686180
 -14.557449 -14.557449 -0.000001 -14.557449
 -14.635292 -14.635292 -0.000001 -14.635292
 -1.386294 -1.386294 -1.386294 -1.386294
 -14.946914 -14.946914 -0.000001 -14.946914
 -1.386294 -1.386294 -1.386294 -1.386294
 -1.386294 -1.386294 -1.386294 -1.386294
 -15.826406 -15.826406 -15.826406 -0.000000
 -1.386294 -1.386294 -1.386294 -1.386294
 -1.386294 -1.386294 -1.386294 -1.386294
 -1.386294 -1.386294 -1.386294 -1.386294
 -1.386294 -1.386294 -1.386294 -1.386294
 -0.000000 -15.826406 -15.826406 -15.826406
 -0.000000 -15.826406 -15.826406 -15.826406
 -1.386294 -1.386294 -1.386294 -1.386294
 -1.386294 -1.386294 -1.386294 -1.386294
 -1.386294 -1.386294 -1.386294 -1.386294
 -15.826406 -15.826406 -0.000000 -15.826406
 -1.386294 -1.386294 -1.386294 -1.386294
 -1.386294 -1.386294 -1.386294 -1.386294
 -1.386294 -1.386294 -1.386294 -1.386294
 -1.386294 -1.386294 -1.386294 -1.386294
 -1.386294 -1.386294 -1.386294 -1.386294
 -15.826406 -15.826406 -15.826406 -0.000000
 -1.386294 -1.386294 -1.386294 -1.386294
 -1.386294 -1.386294 -1.386294 -1.386294
 -1.386294 -1.386294 -1.386294 -1.386294
 -1.386294 -1.386294 -1.386294 -1.386294
 -1.962104 -0.984854 -1.764035 -1.156480
 -1.358124 -1.286665 -1.945907 -1.127601
 -1.200395 -1.426519 -1.536867 -1.411704
 -1.355523 -1.241113 -1.633154 -1.355523
 -2.201487 -1.285198 -1.052867 -1.332451
 -1.223776 -1.203973 -2.570844 -1.110447
 -1.396447 -0.984203 -2.515674 -1.210730
 -1.332806 -0.955512 -2.068510 -1.490434
 -2.105148 -1.108817 -1.569631 -1.078512
 -1.558144 -1.081221 -1.707675 -1.313022
 -1.517630 -1.106335 -1.776491 -1.270222
 -1.165305 -0.949082 -1.642226 -2.230009
 -1.910663 -0.964521 -1.418188 -1.475346
 -1.488077 -1.073134 -1.952381 -1.236763
 -1.572396 -0.984610 -2.083221 -1.223021
 -1.435084 -1.078410 -1.899388 -1.301553
 -2.420364 -0.810931 -1.696448 -1.261131
 -1.446919 0.000100 0.000100 0.000100
 -1.498212 0.000100 0.000100 0.000100
 -1.146815 0.000100 0.000100 0.000100
 -1.498212 0.000100 0.000100 0.000100
 -1.049828 -1.609433 -1.897107 -1.203976
 -1.152684 -1.335002 -1.845814 -1.335002
 -1.504076 -1.686394 -1.686394 -0.897947
 -2.251263 -1.845814 -1.152684 -0.865006
 -1.435084 -1.658222 -0.646637 -3.044441
 -1.446918 -1.734591 -1.446918 -1.041461
 -0.887312 -1.446918 -2.140040 -1.446918
 -2.014891 -1.203975 -0.836254 -2.014891
 -1.203976 -1.897107 -0.693157 -2.995652
 -0.798517 -12.206093 -0.916298 -1.897107
 -1.321757 -1.203975 -1.455286 -1.609434
 -1.609431 -2.014880 -1.098619 -1.098619
 -0.693155 -2.159466 -12.468452 -0.955517
 -1.540440 -0.693161 -11.849426 -1.252767
 -1.321757 -1.098616 -12.611551 -0.916296
 -1.609431 -1.321757 -11.918417 -0.628623
 -12.506192 -12.506192 -0.000011 -12.506192
 -12.388411 -12.388411 -0.000012 -12.388411
 -1.386294 -1.386294 -1.386294 -1.386294
 -12.736712 -12.736712 -0.000009 -12.736712
 -1.386294 -1.386294 -1.386294 -1.386294
 -1.386294 -1.386294 -1.386294 -1.386294
 -13.652996 -13.652996 -13.652996 -0.000004
 -1.386294 -1.386294 -1.386294 -1.386294
 -1.386294 -1.386294 -1.386294 -1.386294
 -1.386294 -1.386294 -1.386294 -1.386294
 -1.386294 -1.386294 -1.386294 -1.386294
 -0.000004 -13.652996 -13.652996 -13.652996
 -0.000004 -13.652996 -13.652996 -13.652996
 -1.386294 -1.386294 -1.386294 -1.386294
 -1.386294 -1.386294 -1.386294 -1.386294
 -1.386294 -1.386294 -1.386294 -1.386294
 -13.652996 -13.652996 -0.000004 -13.652996
 -1.386294 -1.386294 -1.386294 -1.386294
 -1.386294 -1.386294 -1.386294 -1.386294
 -1.386294 -1.386294 -1.386294 -1.386294
 -1.386294 -1.386294 -1.386294 -1.386294
 -1.386294 -1.386294 -1.386294 -1.386294
 -13.652996 -13.652996 -13.652996 -0.000004
 -1.386294 -1.386294 -1.386294 -1.386294
 -1.386294 -1.386294 -1.386294 -1.386294
 -1.386294 -1.386294 -1.386294 -1.386294
 -1.386294 -1.386294 -1.386294 -1.386294
 -1.670061 -1.498212 -1.264598 -1.184556
 -1.673968 -0.980838 -2.079417 -1.163156
 -2.251263 -1.845814 -0.865006 -1.152684
 -1.386294 -1.791751 -1.386294 -1.098616
 -1.466336 -1.178658 -1.060876 -2.159466
 -1.041461 -1.446918 -2.140040 -1.223779
 -1.658222 -1.098617 -1.658222 -1.252765
 -1.021656 -1.609434 -1.427116 -1.609434
 -1.481603 -1.704741 -1.145136 -1.299284
 -1.791751 -1.568613 -1.386294 -0.980835
 -1.897107 -1.049828 -1.049828 -1.897107
 -1.845814 -1.845814 -1.335002 -0.865006
 -1.481603 -1.145136 -1.145136 -1.992415
 -2.014880 -1.321757 -1.098619 -1.321757
 -1.481603 -0.693156 -2.397863 -1.704741
 -0.820987 -2.525695 -1.609434 -1.272967
 -1.526054 -1.343735 -1.189587 -1.526054
