 -1.391137 0.000100 0.000100 0.000100
 -1.230076 0.000100 0.000100 0.000100
 -1.537229 0.000100 0.000100 0.000100
 -1.410745 0.000100 0.000100 0.000100
 -1.338892 -1.456675 -1.138222 -1.690289
 -1.106912 -1.212272 -1.576914 -1.800057
 -1.156433 -1.192800 -1.598264 -1.716046
 -2.050167 -1.031603 -1.282916 -1.437066
 -0.875470 -1.791758 -1.974078 -1.280934
 -0.804853 -1.378197 -2.104131 -1.721141
 -0.906723 -1.348554 -1.508896 -2.159480
 -1.884538 -1.002154 -1.373716 -1.479076
 -0.817446 -2.203736 -1.510592 -1.481604
 -1.219974 -1.252763 -2.256060 -1.157454
 -0.793954 -1.725508 -1.892560 -1.517870
 -3.713527 -1.698667 -1.362197 -0.622532
 -14.108183 -14.108183 -0.000002 -14.108183
 -13.527834 -13.527834 -0.000004 -13.527834
 -13.554151 -13.554151 -0.000004 -13.554151
 -14.062374 -14.062374 -0.000002 -14.062374
 -1.386294 -1.386294 -1.386294 -1.386294
 -1.386294 -1.386294 -1.386294 -1.386294
 -15.236207 -15.236207 -0.000001 -15.236207
 -1.386294 -1.386294 -1.386294 -1.386294
 -1.386294 -1.386294 -1.386294 -1.386294
 -1.386294 -1.386294 -1.386294 -1.386294
 -15.236207 -15.236207 -15.236207 -0.000001
 -1.386294 -1.386294 -1.386294 -1.386294
 -1.386294 -1.386294 -1.386294 -1.386294
 -1.386294 -1.386294 -1.386294 -1.386294
 -1.386294 -1.386294 -1.386294 -1.386294
 -0.000001 -15.236207 -15.236207 -15.236207
 -0.932116 -1.471989 -2.560128 -1.205585
 -1.386294 -1.386294 -1.386294 -1.386294
 -1.386294 -1.386294 -1.386294 -1.386294
 -1.386294 -1.386294 -1.386294 -1.386294
 -14.304093 -14.304093 -0.000002 -14.304093
 -13.764221 -13.764221 -0.000003 -13.764221
 -12.676088 -12.676088 -0.000009 -12.676088
 -14.030625 -14.030625 -0.000002 -14.030625
 -1.386294 -1.386294 -1.386294 -1.386294
 -1.386294 -1.386294 -1.386294 -1.386294
 -15.236207 -15.236207 -15.236207 -0.000001
 -1.386294 -1.386294 -1.386294 -1.386294
 -1.386294 -1.386294 -1.386294 -1.386294
 -1.386294 -1.386294 -1.386294 -1.386294
 -1.386294 -1.386294 -1.386294 -1.386294
 -15.236207 -0.000001 -15.236207 -15.236207
 -1.386294 -1.386294 -1.386294 -1.386294
 -1.482571 -1.571519 -1.493266 -1.077106
 -1.386294 -1.386294 -1.386294 -1.386294
 -1.386294 -1.386294 -1.386294 -1.386294
 -1.077560 -1.247458 -2.240704 -1.324419
 -1.196252 -1.363305 -1.458615 -1.563975
 -1.036093 -1.006240 -2.335368 -1.699385
 -1.729883 -1.036738 -1.857716 -1.164571
 -1.575536 -1.040019 -1.575536 -1.457753
 -1.712294 -1.106160 -1.424613 -1.393842
 -1.402823 -0.815040 -1.808285 -1.913645
 -1.811176 -1.033474 -1.312187 -1.553348
 -1.491654 -1.203974 -1.437587 -1.437587
 -1.538210 -1.175305 -1.602748 -1.290375
 -1.452252 -1.077560 -1.710080 -1.407801
 -2.208269 -1.014353 -1.466337 -1.215023
 -1.304057 0.000100 0.000100 0.000100
 -1.540444 0.000100 0.000100 0.000100
 -1.157454 0.000100 0.000100 0.000100
 -1.609436 0.000100 0.000100 0.000100
 -1.558141 -1.335002 -0.998536 -1.845814
 -1.321757 -1.609431 -1.321757 -1.321757
 -1.704741 -1.481603 -1.011607 -1.481603
 -2.638986 -1.945889 -0.441850 -1.945889
 -11.775321 -0.955522 -1.178661 -1.178661
 -0.916301 -1.098619 -2.014880 -2.014880
 -1.540443 -0.934314 -1.386294 -1.945899
 -1.029628 -1.252767 -11.849426 -1.029628
 -1.041461 -1.446918 -1.446918 -1.734591
 -3.218792 -1.021656 -1.832572 -0.820987
 -2.564880 -0.773204 -2.564880 -0.955522
 -2.014880 -1.609431 -0.762152 -1.609431
 -11.512965 -11.512965 -0.000030 -11.512965
 -12.301401 -12.301401 -0.000014 -12.301401
 -11.982954 -11.982954 -0.000019 -11.982954
 -12.301401 -12.301401 -0.000014 -12.301401
 -1.386294 -1.386294 -1.386294 -1.386294
 -1.386294 -1.386294 -1.386294 -1.386294
 -13.458841 -13.458841 -0.000004 -13.458841
 -1.386294 -1.386294 -1.386294 -1.386294
 -1.386294 -1.386294 -1.386294 -1.386294
 -1.386294 -1.386294 -1.386294 -1.386294
 -13.458841 -13.458841 -13.458841 -0.000004
 -1.386294 -1.386294 -1.386294 -1.386294
 -1.386294 -1.386294 -1.386294 -1.386294
 -1.386294 -1.386294 -1.386294 -1.386294
 -1.386294 -1.386294 -1.386294 -1.386294
 -0.000004 -13.458841 -13.458841 -13.458841
 -1.763586 -1.203974 -2.169047 -0.881202
 -1.386294 -1.386294 -1.386294 -1.386294
 -1.386294 -1.386294 -1.386294 -1.386294
 -1.386294 -1.386294 -1.386294 -1.386294
 -11.695280 -11.695280 -0.000025 -11.695280
 -12.254882 -12.254882 -0.000014 -12.254882
 -11.289832 -11.289832 -0.000038 -11.289832
 -12.577650 -12.577650 -0.000010 -12.577650
 -1.386294 -1.386294 -1.386294 -1.386294
 -1.386294 -1.386294 -1.386294 -1.386294
 -13.458841 -13.458841 -13.458841 -0.000004
 -1.386294 -1.386294 -1.386294 -1.386294
 -1.386294 -1.386294 -1.386294 -1.386294
 -1.386294 -1.386294 -1.386294 -1.386294
 -1.386294 -1.386294 -1.386294 -1.386294
 -13.458841 -0.000004 -13.458841 -13.458841
 -1.386294 -1.386294 -1.386294 -1.386294
 -1.945906 -1.358124 -0.952660 -1.540444
 -1.386294 -1.386294 -1.386294 -1.386294
 -1.386294 -1.386294 -1.386294 -1.386294
 -0.693167 -1.203979 -2.302525 -2.302525
 -0.944470 -1.280936 -1.791748 -1.791748
 -0.993257 -1.686394 -1.504076 -1.504076
 -1.609431 -2.014880 -0.916301 -1.321757
 -1.427116 -1.272967 -1.139438 -1.832572
 -1.609431 -2.014880 -1.321757 -0.916301
 -0.980838 -1.673968 -1.163156 -2.079417
 -2.638986 -0.847310 -1.945889 -1.029628
 -2.772514 -1.163156 -0.826689 -1.673968
 -1.791748 -1.098618 -1.098618 -1.791748
 -1.558141 -1.335002 -0.998536 -1.845814
 -2.833137 -2.140040 -0.887312 -0.887312
