 -1.431642 0.000100 0.000100 0.000100
 -1.296823 0.000100 0.000100 0.000100
 -1.431642 0.000100 0.000100 0.000100
 -1.391233 0.000100 0.000100 0.000100
 -1.173514 -0.991193 -1.483668 -2.377479
 -1.413693 -1.243795 -1.490654 -1.413693
 -1.242507 -0.885833 -1.684338 -2.176811
 -1.976060 -0.951560 -1.149385 -1.842530
 -0.957535 -1.550597 -1.704747 -1.504077
 -1.206243 -1.206243 -1.556445 -1.658227
 -0.963794 -1.316615 -1.439216 -2.176811
 -1.504076 -1.252764 -1.578184 -1.252764
 -0.998530 -1.489151 -1.845825 -1.393842
 -1.194841 -1.433251 -1.858132 -1.194841
 -0.729081 -1.670061 -2.496732 -1.398129
 -2.983134 -1.037245 -1.073612 -1.373716
 -14.054531 -14.054531 -0.000002 -14.054531
 -13.815515 -13.815515 -0.000003 -13.815515
 -13.487012 -13.487012 -0.000004 -13.487012
 -13.883173 -13.883173 -0.000003 -13.883173
 -1.386294 -1.386294 -1.386294 -1.386294
 -1.386294 -1.386294 -1.386294 -1.386294
 -15.216695 -15.216695 -0.000001 -15.216695
 -1.386294 -1.386294 -1.386294 -1.386294
 -1.386294 -1.386294 -1.386294 -1.386294
 -1.386294 -1.386294 -1.386294 -1.386294
 -15.216695 -15.216695 -15.216695 -0.000001
 -1.386294 -1.386294 -1.386294 -1.386294
 -1.386294 -1.386294 -1.386294 -1.386294
 -1.386294 -1.386294 -1.386294 -1.386294
 -1.386294 -1.386294 -1.386294 -1.386294
 -0.000001 -15.216695 -15.216695 -15.216695
 -1.315005 -1.154323 -2.710514 -1.050526
 -1.386294 -1.386294 -1.386294 -1.386294
 -1.386294 -1.386294 -1.386294 -1.386294
 -1.386294 -1.386294 -1.386294 -1.386294
 -13.901692 -13.901692 -0.000003 -13.901692
 -14.062374 -14.062374 -0.000002 -14.062374
 -12.506192 -12.506192 -0.000011 -12.506192
 -14.166170 -14.166170 -0.000002 -14.166170
 -1.386294 -1.386294 -1.386294 -1.386294
 -1.386294 -1.386294 -1.386294 -1.386294
 -15.216695 -15.216695 -15.216695 -0.000001
 -1.386294 -1.386294 -1.386294 -1.386294
 -1.386294 -1.386294 -1.386294 -1.386294
 -1.386294 -1.386294 -1.386294 -1.386294
 -1.386294 -1.386294 -1.386294 -1.386294
 -0.956498 -15.216695 -0.484893 -15.216695
 -1.412270 -1.006806 -1.871801 -1.438938
 -1.386294 -1.386294 -1.386294 -1.386294
 -1.272966 -1.164752 -1.478410 -1.714798
 -1.386294 -1.386294 -1.386294 -1.386294
 -1.349927 -1.155771 -2.284230 -1.126784
 -1.439539 -1.121086 -1.860751 -1.267689
 -1.258955 -1.175574 -1.909539 -1.349927
 -1.767660 -0.669052 -2.008820 -1.698667
 -1.802120 -1.207416 -1.242507 -1.396657
 -1.644529 -1.064711 -1.841238 -1.192545
 -0.871842 -1.116963 -1.522425 -3.314143
 -1.983295 -1.359143 -1.164988 -1.225613
 -1.698667 -1.110883 -1.767660 -1.148624
 -1.650259 -1.217396 -1.570217 -1.190728
 -1.316615 -1.019364 -1.935651 -1.483668
 -2.060020 -1.190986 -1.489478 -1.069626
 -1.349927 0.000100 0.000100 0.000100
 -1.386294 0.000100 0.000100 0.000100
 -1.185624 0.000100 0.000100 0.000100
 -1.686398 0.000100 0.000100 0.000100
 -1.252765 -1.134983 -1.540443 -1.722761
 -1.909532 -1.098616 -1.349927 -1.349927
 -1.098615 -1.704744 -1.299284 -1.550595
 -2.302555 -0.798517 -1.049828 -2.302555
 -1.832572 -1.609434 -0.916297 -1.427116
 -1.193925 -2.397874 -1.417066 -1.011605
 -1.980990 -1.421385 -0.882395 -1.575533
 -1.252765 -1.945896 -0.965087 -1.658222
 -1.791751 -1.232146 -0.980835 -1.791751
 -1.504075 -0.693158 -2.197197 -1.791748
 -1.239692 -1.335002 -1.691672 -1.335002
 -1.134983 -1.540443 -1.540443 -1.386294
 -12.542559 -12.542559 -0.000011 -12.542559
 -12.676088 -12.676088 -0.000009 -12.676088
 -12.388411 -12.388411 -0.000012 -12.388411
 -12.388411 -12.388411 -0.000012 -12.388411
 -1.386294 -1.386294 -1.386294 -1.386294
 -1.386294 -1.386294 -1.386294 -1.386294
 -13.892475 -13.892475 -0.000003 -13.892475
 -1.386294 -1.386294 -1.386294 -1.386294
 -1.386294 -1.386294 -1.386294 -1.386294
 -1.386294 -1.386294 -1.386294 -1.386294
 -13.892475 -13.892475 -13.892475 -0.000003
 -1.386294 -1.386294 -1.386294 -1.386294
 -1.386294 -1.386294 -1.386294 -1.386294
 -1.386294 -1.386294 -1.386294 -1.386294
 -1.386294 -1.386294 -1.386294 -1.386294
 -0.000003 -13.892475 -13.892475 -13.892475
 -2.043071 -0.944463 -1.463255 -1.386294
 -1.386294 -1.386294 -1.386294 -1.386294
 -1.386294 -1.386294 -1.386294 -1.386294
 -1.386294 -1.386294 -1.386294 -1.386294
 -11.849426 -11.849426 -0.000021 -11.849426
 -12.948019 -12.948019 -0.000007 -12.948019
 -12.429232 -12.429232 -0.000012 -12.429232
 -12.506192 -12.506192 -0.000011 -12.506192
 -1.386294 -1.386294 -1.386294 -1.386294
 -1.386294 -1.386294 -1.386294 -1.386294
 -13.892475 -13.892475 -13.892475 -0.000003
 -1.386294 -1.386294 -1.386294 -1.386294
 -1.386294 -1.386294 -1.386294 -1.386294
 -1.386294 -1.386294 -1.386294 -1.386294
 -1.386294 -1.386294 -1.386294 -1.386294
 -0.711841 -13.892475 -0.674800 -13.892475
 -2.024375 -0.674459 -1.262242 -2.583980
 -1.386294 -1.386294 -1.386294 -1.386294
 -0.916294 -1.609436 -1.234746 -2.215564
 -1.386294 -1.386294 -1.386294 -1.386294
 -1.287856 -0.969405 -1.421385 -2.268664
 -1.558143 -0.693152 -1.845820 -2.028139
 -1.488076 -1.236764 -1.488076 -1.354546
 -2.302525 -0.693167 -1.609428 -1.609428
 -1.386294 -2.079425 -0.980835 -1.386294
 -1.992423 -1.838274 -0.893821 -1.219242
 -1.704741 -1.481603 -0.788465 -1.992415
 -1.504075 -0.944470 -1.504075 -1.791748
 -1.386294 -1.386294 -1.609433 -1.203976
 -1.481603 -1.299284 -1.011607 -1.992415
 -1.074517 -1.516346 -1.516346 -1.516346
 -1.832572 -1.272967 -1.272967 -1.272967
