 -1.382072 0.000100 0.000100 0.000100
 -1.393372 0.000100 0.000100 0.000100
 -1.416361 0.000100 0.000100 0.000100
 -1.354369 0.000100 0.000100 0.000100
 -1.420583 -1.310583 -1.289963 -1.544197
 -1.299283 -1.200192 -2.125959 -1.181500
 -1.020361 -1.069958 -2.056450 -1.780198
 -2.073990 -0.905422 -1.743749 -1.220502
 -1.200192 -1.481604 -1.299283 -1.615135
 -1.328187 -1.360977 -1.485029 -1.377784
 -0.888457 -1.323774 -1.452986 -2.422380
 -2.029290 -0.960094 -1.252763 -1.609437
 -1.435084 -1.234414 -1.067360 -2.063691
 -1.035638 -1.155183 -1.609437 -2.040219
 -1.149906 -1.065823 -1.504077 -2.148432
 -1.763587 -0.881201 -1.445135 -1.722765
 -1.294220 -0.926496 -14.493546 -1.108817
 -1.017924 -1.297884 -14.682612 -1.006363
 -0.825076 -0.977092 -14.392126 -1.685275
 -1.473305 -0.980831 -13.774693 -0.926764
 -14.690981 -14.690981 -0.000001 -14.690981
 -14.715673 -14.715673 -0.000001 -14.715673
 -1.386294 -1.386294 -1.386294 -1.386294
 -14.617514 -14.617514 -0.000001 -14.617514
 -1.386294 -1.386294 -1.386294 -1.386294
 -1.386294 -1.386294 -1.386294 -1.386294
 -15.774197 -15.774197 -15.774197 -0.000000
 -1.386294 -1.386294 -1.386294 -1.386294
 -1.386294 -1.386294 -1.386294 -1.386294
 -1.386294 -1.386294 -1.386294 -1.386294
 -1.386294 -1.386294 -1.386294 -1.386294
 -0.000001 -15.774197 -15.774197 -15.774197
 -15.774197 -0.726125 -2.086518 -0.936235
 -1.386294 -1.386294 -1.386294 -1.386294
 -1.386294 -1.386294 -1.386294 -1.386294
 -1.386294 -1.386294 -1.386294 -1.386294
 -1.386294 -1.386294 -1.386294 -1.386294
 -15.048072 -15.048072 -0.000001 -15.048072
 -13.687682 -13.687682 -0.000003 -13.687682
 -14.837963 -14.837963 -0.000001 -14.837963
 -1.386294 -1.386294 -1.386294 -1.386294
 -1.386294 -1.386294 -1.386294 -1.386294
 -15.774197 -15.774197 -15.774197 -0.000000
 -1.386294 -1.386294 -1.386294 -1.386294
 -1.386294 -1.386294 -1.386294 -1.386294
 -1.386294 -1.386294 -1.386294 -1.386294
 -1.386294 -1.386294 -1.386294 -1.386294
 -1.968735 -1.121438 -1.629381 -1.083217
 -2.030167 -1.193923 -2.110209 -0.810932
 -1.530394 -1.179738 -2.041219 -1.060392
 -1.350955 -1.042655 -1.798978 -1.500486
 -2.536196 -1.149906 -1.246533 -1.149906
 -1.438480 -1.133099 -2.573452 -1.009485
 -1.293401 -1.076730 -2.376009 -1.230880
 -1.136640 -1.026640 -2.064624 -1.639742
 -1.916056 -1.179738 -1.976680 -0.899124
 -1.562645 -0.990860 -1.822156 -1.356794
 -1.671131 -0.782493 -2.088023 -1.466337
 -1.191395 -0.843089 -2.066858 -1.971549
 -2.298225 -0.991071 -1.322848 -1.339378
 -1.658227 -1.075083 -1.791758 -1.198696
 -1.878770 -0.765121 -1.878770 -1.473305
 -1.476891 -0.783745 -2.071595 -1.666132
 -2.179522 -0.847299 -1.460402 -1.486378
 -1.429627 0.000100 0.000100 0.000100
 -1.321414 0.000100 0.000100 0.000100
 -1.143375 0.000100 0.000100 0.000100
 -1.742383 0.000100 0.000100 0.000100
 -1.121735 -1.252763 -1.797489 -1.501224
 -1.360977 -1.265667 -1.535330 -1.401798
 -1.094330 -1.462054 -1.307904 -1.813451
 -1.484734 -1.268512 -1.325670 -1.484734
 -2.274931 -1.117481 -0.866167 -1.900239
 -1.776491 -0.942267 -1.444358 -1.584120
 -1.791758 -0.949578 -1.486378 -1.513046
 -1.992428 -1.105128 -1.124930 -1.571216
 -1.277095 -1.386294 -1.178656 -1.811176
 -1.025050 -1.507901 -1.198897 -2.134356
 -1.386294 -1.284512 -1.080913 -2.010447
 -1.857716 -1.120119 -1.077560 -1.729883
 -0.602826 -1.542104 -14.513647 -1.432104
 -0.926763 -1.325670 -14.467837 -1.083109
 -0.639305 -1.527760 -14.669928 -1.365241
 -1.638996 -0.763530 -13.845074 -1.079382
 -15.009435 -15.009435 -0.000001 -15.009435
 -14.473033 -14.473033 -0.000002 -14.473033
 -1.386294 -1.386294 -1.386294 -1.386294
 -14.547880 -14.547880 -0.000001 -14.547880
 -1.386294 -1.386294 -1.386294 -1.386294
 -1.386294 -1.386294 -1.386294 -1.386294
 -15.804754 -15.804754 -15.804754 -0.000000
 -1.386294 -1.386294 -1.386294 -1.386294
 -1.386294 -1.386294 -1.386294 -1.386294
 -1.386294 -1.386294 -1.386294 -1.386294
 -1.386294 -1.386294 -1.386294 -1.386294
 -0.000000 -15.804754 -15.804754 -15.804754
 -15.804754 -0.702769 -1.867025 -1.049236
 -1.386294 -1.386294 -1.386294 -1.386294
 -1.386294 -1.386294 -1.386294 -1.386294
 -1.386294 -1.386294 -1.386294 -1.386294
 -1.386294 -1.386294 -1.386294 -1.386294
 -15.101986 -15.101986 -0.000001 -15.101986
 -13.937732 -13.937732 -0.000003 -13.937732
 -14.755519 -14.755519 -0.000001 -14.755519
 -1.386294 -1.386294 -1.386294 -1.386294
 -1.386294 -1.386294 -1.386294 -1.386294
 -15.804754 -15.804754 -15.804754 -0.000000
 -1.386294 -1.386294 -1.386294 -1.386294
 -1.386294 -1.386294 -1.386294 -1.386294
 -1.386294 -1.386294 -1.386294 -1.386294
 -1.386294 -1.386294 -1.386294 -1.386294
 -2.009445 -0.897320 -1.281208 -1.711611
 -1.945907 -0.947383 -1.640527 -1.289131
 -1.290374 -1.569959 -1.208457 -1.522706
 -1.421386 -1.381380 -1.079100 -1.786844
 -2.317848 -1.271884 -0.839752 -1.663925
 -1.111352 -1.399033 -1.479076 -1.628607
 -1.547562 -1.125569 -1.522870 -1.407801
 -1.192641 -1.377784 -1.605173 -1.412270
 -1.256080 -1.461932 -1.461932 -1.379694
 -1.638996 -1.267433 -1.153489 -1.566676
 -1.866660 -1.048351 -1.483668 -1.316615
 -1.572396 -1.025854 -1.485385 -1.572396
 -2.508432 -1.122143 -1.177203 -1.255674
 -1.466337 -1.466337 -1.265667 -1.360977
 -1.199798 -1.812901 -1.033813 -1.715263
 -1.417066 -1.376244 -1.129384 -1.704747
 -1.679641 -1.284330 -1.115707 -1.565231
