 -1.275753 0.000100 0.000100 0.000100
 -1.213761 0.000100 0.000100 0.000100
 -1.652562 0.000100 0.000100 0.000100
 -1.460402 0.000100 0.000100 0.000100
 -1.196251 -1.433922 -1.276294 -1.713506
 -0.975380 -1.202153 -1.712978 -1.951388
 -0.858663 -1.133099 -1.998093 -2.131624
 -2.323783 -0.955512 -1.407497 -1.299283
 -0.916292 -1.413693 -1.506783 -2.001478
 -0.775840 -1.271455 -1.909541 -2.197222
 -0.620124 -1.327454 -1.938361 -2.936881
 -1.992427 -0.850334 -1.404643 -1.655957
 -0.560629 -2.012879 -1.898469 -1.925868
 -0.587788 -2.148432 -2.057461 -1.609437
 -0.510828 -1.526056 -2.036879 -2.953159
 -2.224617 -0.936771 -1.665006 -1.168572
 -2.296314 -2.503952 -0.289782 -2.671006
 -1.686398 -2.284230 -0.587789 -1.848916
 -1.492904 -1.923684 -0.704449 -2.003726
 -3.228805 -2.217220 -0.338457 -1.976060
 -13.541079 -13.541079 -0.000004 -13.541079
 -13.321220 -13.321220 -0.000005 -13.321220
 -15.236207 -15.236207 -0.000001 -15.236207
 -13.384734 -13.384734 -0.000005 -13.384734
 -1.386294 -1.386294 -1.386294 -1.386294
 -1.386294 -1.386294 -1.386294 -1.386294
 -15.633588 -15.633588 -15.633588 -0.000000
 -1.386294 -1.386294 -1.386294 -1.386294
 -1.386294 -1.386294 -1.386294 -1.386294
 -1.386294 -1.386294 -1.386294 -1.386294
 -1.386294 -1.386294 -1.386294 -1.386294
 -15.633588 -1.002712 -15.633588 -0.457101
 -1.386294 -1.386294 -1.386294 -1.386294
 -0.464709 -1.528714 -2.530159 -2.587317
 -1.386294 -1.386294 -1.386294 -1.386294
 -1.422852 -0.890973 -1.855272 -1.648658
 -14.674174 -14.674174 -0.000001 -14.674174
 -14.552676 -14.552676 -0.000001 -14.552676
 -13.579793 -13.579793 -0.000004 -13.579793
 -13.732133 -13.732133 -0.000003 -13.732133
 -1.386294 -1.386294 -1.386294 -1.386294
 -1.386294 -1.386294 -1.386294 -1.386294
 -15.633588 -15.633588 -15.633588 -0.000000
 -1.386294 -1.386294 -1.386294 -1.386294
 -1.386294 -1.386294 -1.386294 -1.386294
 -1.386294 -1.386294 -1.386294 -1.386294
 -1.386294 -1.386294 -1.386294 -1.386294
 -1.890647 -1.090528 -1.722766 -1.095371
 -1.642226 -0.949082 -2.047689 -1.236763
 -1.400893 -1.400893 -1.526056 -1.238374
 -1.333185 -1.442384 -1.704747 -1.145133
 -2.108998 -1.023812 -1.477728 -1.233532
 -1.346449 -1.027996 -3.020411 -1.098613
 -1.380961 -1.041455 -2.140064 -1.279865
 -1.562184 -0.742746 -2.047690 -1.684786
 -1.836710 -1.160956 -1.770018 -1.029620
 -1.853316 -0.890508 -1.806796 -1.314321
 -1.591893 -0.684337 -2.088329 -1.782948
 -1.544899 -0.733972 -2.120258 -1.678429
 -2.254055 -0.854693 -1.509617 -1.391834
 -2.060020 -0.961413 -1.916920 -1.069626
 -2.086557 -0.658301 -2.058387 -1.467520
 -1.822529 -0.957535 -1.704747 -1.299283
 -1.845825 -0.864999 -1.845825 -1.335001
 -1.420388 0.000100 0.000100 0.000100
 -1.391146 0.000100 0.000100 0.000100
 -1.229203 0.000100 0.000100 0.000100
 -1.527563 0.000100 0.000100 0.000100
 -1.383331 -1.365736 -1.247953 -1.575166
 -1.565738 -1.108750 -1.508771 -1.427477
 -1.329136 -1.190986 -1.517029 -1.551123
 -2.150441 -0.983310 -1.388775 -1.346629
 -1.753372 -1.276779 -1.027125 -1.661564
 -1.434856 -1.143583 -1.381168 -1.650831
 -1.612396 -1.194661 -1.289240 -1.503708
 -2.200371 -0.987924 -1.130538 -1.639743
 -1.454185 -1.326351 -1.429694 -1.341004
 -1.317264 -1.327824 -1.423559 -1.486230
 -1.449947 -1.337907 -1.295060 -1.473416
 -1.976963 -1.187915 -1.211797 -1.350955
 -1.144906 -1.462113 -1.713917 -1.309921
 -1.290326 -1.227733 -1.716336 -1.377772
 -1.083656 -1.383558 -1.662174 -1.508539
 -2.636076 -0.999916 -1.419681 -1.143641
 -16.460976 -16.460976 -0.000000 -16.460976
 -16.585596 -16.585596 -0.000000 -16.585596
 -16.214315 -16.214315 -0.000000 -16.214315
 -16.505398 -16.505398 -0.000000 -16.505398
 -1.386294 -1.386294 -1.386294 -1.386294
 -1.386294 -1.386294 -1.386294 -1.386294
 -17.837105 -17.837105 -17.837105 -0.000000
 -1.386294 -1.386294 -1.386294 -1.386294
 -1.386294 -1.386294 -1.386294 -1.386294
 -1.386294 -1.386294 -1.386294 -1.386294
 -1.386294 -1.386294 -1.386294 -1.386294
 -17.837105 -0.577338 -17.837105 -0.824147
 -1.386294 -1.386294 -1.386294 -1.386294
 -1.774665 -1.228320 -1.190862 -1.453647
 -1.386294 -1.386294 -1.386294 -1.386294
 -2.708868 -1.226149 -1.037579 -1.252967
 -15.752813 -15.752813 -0.000000 -15.752813
 -16.609739 -16.609739 -0.000000 -16.609739
 -16.716383 -16.716383 -0.000000 -16.716383
 -16.476469 -16.476469 -0.000000 -16.476469
 -1.386294 -1.386294 -1.386294 -1.386294
 -1.386294 -1.386294 -1.386294 -1.386294
 -17.837105 -17.837105 -17.837105 -0.000000
 -1.386294 -1.386294 -1.386294 -1.386294
 -1.386294 -1.386294 -1.386294 -1.386294
 -1.386294 -1.386294 -1.386294 -1.386294
 -1.386294 -1.386294 -1.386294 -1.386294
 -2.009362 -0.980889 -1.270485 -1.559445
 -1.640669 -1.205757 -1.675760 -1.140939
 -1.345090 -1.463791 -1.279405 -1.470009
 -1.372344 -1.527334 -1.163917 -1.527334
 -1.908264 -1.170166 -1.183998 -1.446919
 -1.284588 -1.358917 -1.445928 -1.466337
 -1.456705 -1.188977 -1.565787 -1.372229
 -1.269786 -1.185045 -1.596779 -1.556713
 -2.004478 -1.013287 -1.289352 -1.483703
 -1.593401 -1.272196 -1.136264 -1.632016
 -1.535995 -1.275712 -1.251019 -1.517253
 -1.459319 -1.212880 -1.394150 -1.504077
 -2.075552 -1.126271 -1.100173 -1.525745
 -1.478313 -1.408517 -1.360977 -1.305407
 -1.457031 -1.371766 -1.297658 -1.426101
 -1.341922 -1.374866 -1.199747 -1.690035
 -1.991314 -1.179703 -1.190662 -1.377954
