 -1.285786 0.000100 0.000100 0.000100
 -1.245149 0.000100 0.000100 0.000100
 -1.541720 0.000100 0.000100 0.000100
 -1.506628 0.000100 0.000100 0.000100
 -1.190243 -1.190243 -1.428654 -1.883389
 -1.116470 -1.157856 -1.659334 -1.782948
 -1.116631 -1.317302 -1.273817 -2.079439
 -1.632694 -1.116005 -1.227230 -1.693319
 -0.979375 -1.444738 -1.339378 -2.066424
 -0.943865 -1.451112 -1.506171 -1.865545
 -0.945203 -1.330865 -1.456028 -2.171645
 -2.181220 -1.013620 -1.264934 -1.419084
 -0.547563 -1.980068 -2.094478 -1.829786
 -0.655048 -1.926677 -1.995670 -1.614304
 -0.589862 -1.828702 -1.966852 -1.930484
 -1.403389 -1.133099 -1.551808 -1.512588
 -2.348864 -2.808395 -0.269425 -2.520714
 -1.545359 -1.693778 -0.723002 -2.140063
 -1.469291 -1.682864 -0.835569 -1.894172
 -2.730021 -1.791758 -0.449919 -2.036879
 -13.835317 -13.835317 -0.000003 -13.835317
 -13.742944 -13.742944 -0.000003 -13.742944
 -15.438852 -15.438852 -0.000001 -15.438852
 -13.629186 -13.629186 -0.000004 -13.629186
 -1.386294 -1.386294 -1.386294 -1.386294
 -1.386294 -1.386294 -1.386294 -1.386294
 -15.876024 -15.876024 -15.876024 -0.000000
 -1.386294 -1.386294 -1.386294 -1.386294
 -1.386294 -1.386294 -1.386294 -1.386294
 -1.386294 -1.386294 -1.386294 -1.386294
 -1.386294 -1.386294 -1.386294 -1.386294
 -0.439147 -2.188346 -1.912093 -2.348195
 -1.006181 -1.079042 -2.201184 -1.693937
 -0.921990 -1.704746 -1.386294 -1.769284
 -0.882390 -1.142673 -1.709067 -2.450999
 -2.120258 -1.181995 -1.098614 -1.427116
 -0.795704 -1.465134 -14.834359 -1.146681
 -1.070778 -1.209364 -14.723771 -1.024793
 -0.742746 -1.106710 -14.030625 -1.642227
 -1.174986 -1.199083 -14.122998 -0.942364
 -1.788549 -1.505686 -1.477113 -0.960670
 -1.609437 -1.423336 -1.481604 -1.103168
 -1.386294 -1.386294 -1.386294 -1.386294
 -1.708692 -1.799664 -1.347679 -0.932165
 -1.459319 -1.400479 -1.459319 -1.242255
 -1.362197 -1.148623 -1.544518 -1.544518
 -1.446919 -1.056722 -1.829910 -1.359908
 -1.414074 -1.372689 -1.346020 -1.414074
 -1.355204 -1.221673 -1.781287 -1.276732
 -1.591893 -1.186429 -1.549334 -1.277400
 -1.330414 -1.098613 -1.470176 -1.757857
 -1.871801 -0.955512 -1.444358 -1.488810
 -1.558144 -0.982781 -1.774367 -1.403994
 -1.492516 -1.053150 -2.087222 -1.196251
 -1.240787 -1.305326 -1.261840 -1.853890
 -1.914818 -0.916292 -1.583462 -1.396876
 -1.768502 -1.092748 -1.472237 -1.329136
 -1.573720 -0.889384 -1.879101 -1.473636
 -1.352847 -1.039190 -1.493925 -1.812377
 -2.127194 -1.057998 -1.391489 -1.255357
 -1.556445 -0.983100 -1.694595 -1.464072
 -1.677442 -0.830145 -1.952854 -1.446919
 -1.280934 -1.044546 -1.450010 -1.996552
 -1.797120 -0.997003 -1.542229 -1.380961
 -1.385028 0.000100 0.000100 0.000100
 -1.265887 0.000100 0.000100 0.000100
 -1.391429 0.000100 0.000100 0.000100
 -1.518800 0.000100 0.000100 0.000100
 -1.568203 -1.207818 -1.181285 -1.682827
 -1.582859 -1.081136 -1.437604 -1.523687
 -1.363478 -1.119321 -1.419677 -1.737631
 -2.195800 -0.915537 -1.265803 -1.577861
 -1.504305 -1.272927 -1.188173 -1.644858
 -1.436179 -1.268044 -1.258593 -1.625923
 -1.428979 -1.257327 -1.272620 -1.629964
 -2.077918 -1.034546 -1.163675 -1.574622
 -1.330170 -1.302624 -1.487417 -1.436348
 -1.356763 -1.259061 -1.556971 -1.395081
 -1.227673 -1.237736 -1.543452 -1.592857
 -1.750787 -1.137384 -1.398509 -1.351928
 -1.425091 -1.342833 -1.309198 -1.476780
 -1.559650 -1.077135 -1.471672 -1.515587
 -1.247126 -1.236826 -1.497970 -1.615542
 -2.575126 -1.003604 -1.134111 -1.445654
 -19.641304 -19.641304 0.000000 -19.641304
 -20.079556 -20.079556 0.000000 -20.079556
 -19.886686 -19.886686 0.000000 -19.886686
 -19.723675 -19.723675 0.000000 -19.723675
 -1.386294 -1.386294 -1.386294 -1.386294
 -1.386294 -1.386294 -1.386294 -1.386294
 -21.233385 -21.233385 -21.233385 0.000000
 -1.386294 -1.386294 -1.386294 -1.386294
 -1.386294 -1.386294 -1.386294 -1.386294
 -1.386294 -1.386294 -1.386294 -1.386294
 -1.386294 -1.386294 -1.386294 -1.386294
 -2.071958 -0.903621 -1.385436 -1.519842
 -1.837660 -0.932512 -1.696298 -1.332240
 -1.379161 -1.420319 -1.207472 -1.572040
 -1.599719 -1.313136 -1.071344 -1.679197
 -2.083402 -1.018570 -1.159906 -1.605110
 -1.041840 -1.077914 -19.623022 -1.181265
 -1.147603 -0.999765 -20.008343 -1.156335
 -0.969435 -1.012401 -20.024363 -1.357290
 -1.609987 -0.752751 -19.662931 -1.111573
 -1.551274 -1.233718 -1.216772 -1.606295
 -1.518712 -1.175423 -1.435009 -1.451560
 -1.386294 -1.386294 -1.386294 -1.386294
 -2.111851 -0.987519 -1.249845 -1.514413
 -1.481028 -1.337233 -1.214340 -1.545905
 -1.412309 -1.343005 -1.236396 -1.585083
 -1.338591 -1.325834 -1.193471 -1.777640
 -2.019569 -1.113567 -1.109904 -1.563933
 -1.313777 -1.342654 -1.429203 -1.467305
 -1.379584 -1.277765 -1.446919 -1.450883
 -1.178042 -1.307947 -1.453555 -1.671278
 -1.936750 -1.056622 -1.352903 -1.387449
 -1.539004 -1.244139 -1.185217 -1.652676
 -1.511338 -1.157142 -1.412012 -1.508012
 -1.329197 -1.162172 -1.434400 -1.691483
 -2.116080 -0.978161 -1.263071 -1.510902
 -1.501591 -1.280529 -1.227185 -1.578822
 -1.395310 -1.290243 -1.288207 -1.603082
 -1.341598 -1.263346 -1.272708 -1.738444
 -1.958033 -1.079850 -1.168047 -1.569044
 -1.366136 -1.306480 -1.449102 -1.429800
 -1.422412 -1.286733 -1.456624 -1.387595
 -1.208015 -1.267658 -1.508679 -1.616874
 -1.952241 -1.067633 -1.348099 -1.368496
