 -1.206851 0.000100 0.000100 0.000100
 -1.396693 0.000100 0.000100 0.000100
 -1.487831 0.000100 0.000100 0.000100
 -1.480226 0.000100 0.000100 0.000100
 -1.195365 -1.349515 -1.306030 -1.788881
 -1.137694 -1.396802 -1.532348 -1.532348
 -0.923954 -1.334238 -1.697143 -1.854772
 -2.020600 -1.299283 -1.032655 -1.432814
 -1.211941 -1.386294 -1.295323 -1.722766
 -1.075698 -1.476320 -1.366622 -1.740135
 -0.829560 -1.477586 -1.434413 -2.329796
 -1.748084 -0.980830 -1.422662 -1.561498
 -0.949081 -1.967649 -1.524444 -1.365017
 -1.135345 -1.457632 -1.694960 -1.338285
 -0.571593 -1.572706 -2.187070 -2.157218
 -1.776010 -1.198696 -1.480547 -1.198696
 -1.959640 -1.717327 -0.768655 -1.532898
 -1.592976 -1.572774 -1.194338 -1.250691
 -1.141785 -1.864783 -0.817998 -2.470917
 -2.587761 -1.691675 -0.586285 -1.691675
 -14.503647 -14.503647 -0.000002 -14.503647
 -14.562201 -14.562201 -0.000001 -14.562201
 -15.462245 -15.462245 -0.000001 -15.462245
 -14.652760 -14.652760 -0.000001 -14.652760
 -1.386294 -1.386294 -1.386294 -1.386294
 -1.386294 -1.386294 -1.386294 -1.386294
 -16.266516 -16.266516 -16.266516 -0.000000
 -1.386294 -1.386294 -1.386294 -1.386294
 -1.386294 -1.386294 -1.386294 -1.386294
 -1.386294 -1.386294 -1.386294 -1.386294
 -1.386294 -1.386294 -1.386294 -1.386294
 -16.266516 -16.266516 -0.000000 -16.266516
 -1.386294 -1.386294 -1.386294 -1.386294
 -1.386294 -1.386294 -1.386294 -1.386294
 -0.328744 -1.767908 -2.866519 -2.945300
 -1.386294 -1.386294 -1.386294 -1.386294
 -15.937773 -15.937773 -0.000000 -15.937773
 -14.498610 -14.498610 -0.000002 -14.498610
 -13.400002 -13.400002 -0.000005 -13.400002
 -13.321220 -13.321220 -0.000005 -13.321220
 -1.386294 -1.386294 -1.386294 -1.386294
 -1.386294 -1.386294 -1.386294 -1.386294
 -16.266516 -16.266516 -16.266516 -0.000000
 -1.386294 -1.386294 -1.386294 -1.386294
 -1.386294 -1.386294 -1.386294 -1.386294
 -1.386294 -1.386294 -1.386294 -1.386294
 -1.386294 -1.386294 -1.386294 -1.386294
 -1.733165 -1.313172 -1.723456 -0.978533
 -1.561809 -1.032551 -1.826501 -1.297658
 -1.772711 -1.373555 -1.452544 -1.070175
 -1.221845 -1.042260 -1.548529 -1.965421
 -2.088657 -1.534347 -1.341444 -0.918587
 -1.480657 -0.982411 -2.518641 -1.147166
 -1.545683 -1.003018 -2.363992 -1.120800
 -1.417066 -0.822360 -2.020600 -1.684128
 -2.141432 -1.166435 -1.598568 -0.997359
 -1.557024 -1.037724 -1.743609 -1.346729
 -1.554629 -0.895384 -2.047105 -1.381610
 -1.494508 -0.989414 -1.648658 -1.553348
 -2.110916 -1.020088 -1.394781 -1.307770
 -1.499437 -1.196251 -1.759719 -1.196251
 -1.807833 -0.853391 -2.395618 -1.142857
 -1.424761 -1.025854 -1.667706 -1.549923
 -2.020017 -0.974050 -1.339774 -1.478887
 -1.516996 0.000100 0.000100 0.000100
 -1.350761 0.000100 0.000100 0.000100
 -1.208260 0.000100 0.000100 0.000100
 -1.501164 0.000100 0.000100 0.000100
 -1.334469 -1.324419 -1.334469 -1.572880
 -1.470852 -1.316701 -1.316701 -1.451434
 -1.378512 -1.282498 -1.378512 -1.519826
 -2.033397 -1.272592 -1.133237 -1.320448
 -1.797036 -1.203973 -1.177997 -1.485824
 -1.563501 -1.429969 -1.158036 -1.438938
 -1.547562 -1.109308 -1.277535 -1.721915
 -2.110212 -1.202291 -1.106217 -1.396447
 -1.707989 -1.302525 -1.158630 -1.456675
 -1.505078 -1.505078 -1.152013 -1.427116
 -1.367461 -1.248021 -1.397767 -1.555771
 -2.087388 -1.394241 -1.054735 -1.274097
 -1.116004 -1.495494 -1.741328 -1.298326
 -1.250493 -1.395427 -1.368276 -1.554175
 -1.185448 -1.335388 -1.520655 -1.547562
 -2.402796 -1.209694 -1.036982 -1.359755
 -15.285687 -15.285687 -0.000001 -15.285687
 -15.308415 -15.308415 -0.000001 -15.308415
 -15.276449 -15.276449 -0.000001 -15.276449
 -15.209278 -15.209278 -0.000001 -15.209278
 -1.386294 -1.386294 -1.386294 -1.386294
 -1.386294 -1.386294 -1.386294 -1.386294
 -16.656925 -16.656925 -16.656925 -0.000000
 -1.386294 -1.386294 -1.386294 -1.386294
 -1.386294 -1.386294 -1.386294 -1.386294
 -1.386294 -1.386294 -1.386294 -1.386294
 -1.386294 -1.386294 -1.386294 -1.386294
 -16.656925 -16.656925 -0.000000 -16.656925
 -1.386294 -1.386294 -1.386294 -1.386294
 -1.386294 -1.386294 -1.386294 -1.386294
 -1.937197 -1.406330 -1.093956 -1.287490
 -1.386294 -1.386294 -1.386294 -1.386294
 -14.719730 -14.719730 -0.000001 -14.719730
 -15.250596 -15.250596 -0.000001 -15.250596
 -15.562970 -15.562970 -0.000001 -15.562970
 -15.369436 -15.369436 -0.000001 -15.369436
 -1.386294 -1.386294 -1.386294 -1.386294
 -1.386294 -1.386294 -1.386294 -1.386294
 -16.656925 -16.656925 -16.656925 -0.000000
 -1.386294 -1.386294 -1.386294 -1.386294
 -1.386294 -1.386294 -1.386294 -1.386294
 -1.386294 -1.386294 -1.386294 -1.386294
 -1.386294 -1.386294 -1.386294 -1.386294
 -1.901408 -1.311020 -1.064769 -1.442698
 -1.653357 -1.402043 -1.556193 -1.045368
 -1.602965 -1.581688 -1.208311 -1.222910
 -1.611131 -1.384604 -1.058806 -1.594324
 -2.290313 -1.294357 -0.993252 -1.369158
 -1.376377 -1.487602 -1.142762 -1.596236
 -1.489791 -1.229065 -1.369647 -1.479209
 -1.180485 -1.399174 -1.444636 -1.559517
 -1.902330 -1.388524 -1.165381 -1.239489
 -1.597168 -1.250297 -1.241713 -1.504077
 -1.379453 -1.397802 -1.425973 -1.343735
 -1.302828 -1.384173 -1.491419 -1.375734
 -2.102140 -1.198171 -0.983327 -1.599512
 -1.444888 -1.541349 -1.201267 -1.389008
 -1.358604 -1.428197 -1.333706 -1.428197
 -1.279262 -1.442223 -1.172399 -1.738793
 -1.874280 -1.328586 -0.990780 -1.558763
