 -1.431108 0.000100 0.000100 0.000100
 -1.201320 0.000100 0.000100 0.000100
 -1.500101 0.000100 0.000100 0.000100
 -1.439476 0.000100 0.000100 0.000100
 -1.386294 -1.491655 -1.003303 -1.843051
 -1.125460 -1.353718 -1.583292 -1.551543
 -0.957300 -1.004928 -2.233588 -1.945907
 -1.945908 -0.718682 -1.601069 -1.783390
 -0.945491 -1.715597 -1.437966 -1.638636
 -1.011602 -1.193923 -1.810107 -1.773740
 -0.859384 -1.126012 -1.618487 -2.917758
 -1.632694 -0.882391 -1.521469 -1.757856
 -0.825076 -1.655422 -1.962906 -1.468211
 -0.800779 -1.694595 -2.351371 -1.301553
 -0.537585 -1.670680 -2.312529 -2.050167
 -2.384814 -0.998531 -1.558144 -1.111859
 -14.557449 -14.557449 -0.000001 -14.557449
 -13.892475 -13.892475 -0.000003 -13.892475
 -13.384734 -13.384734 -0.000005 -13.384734
 -13.989468 -13.989468 -0.000003 -13.989468
 -1.386294 -1.386294 -1.386294 -1.386294
 -1.386294 -1.386294 -1.386294 -1.386294
 -15.428942 -15.428942 -0.000001 -15.428942
 -1.386294 -1.386294 -1.386294 -1.386294
 -1.386294 -1.386294 -1.386294 -1.386294
 -1.386294 -1.386294 -1.386294 -1.386294
 -15.428942 -15.428942 -15.428942 -0.000001
 -1.386294 -1.386294 -1.386294 -1.386294
 -1.386294 -1.386294 -1.386294 -1.386294
 -1.386294 -1.386294 -1.386294 -1.386294
 -1.386294 -1.386294 -1.386294 -1.386294
 -0.000001 -15.428941 -15.428941 -15.428941
 -0.746330 -1.473668 -2.480929 -1.545771
 -1.386294 -1.386294 -1.386294 -1.386294
 -1.386294 -1.386294 -1.386294 -1.386294
 -1.386294 -1.386294 -1.386294 -1.386294
 -14.682612 -14.682612 -0.000001 -14.682612
 -13.955276 -13.955276 -0.000003 -13.955276
 -12.948019 -12.948019 -0.000007 -12.948019
 -13.883173 -13.883173 -0.000003 -13.883173
 -1.386294 -1.386294 -1.386294 -1.386294
 -1.386294 -1.386294 -1.386294 -1.386294
 -15.428941 -0.000001 -15.428941 -15.428941
 -1.386294 -1.386294 -1.386294 -1.386294
 -1.386294 -1.386294 -1.386294 -1.386294
 -1.262773 -1.374413 -1.849152 -1.181648
 -1.386294 -1.386294 -1.386294 -1.386294
 -1.386294 -1.386294 -1.386294 -1.386294
 -1.554629 -1.292266 -1.777772 -1.064008
 -1.476891 -1.155308 -1.548350 -1.410200
 -1.037245 -0.903714 -2.577677 -1.804496
 -1.945908 -1.165752 -1.635754 -1.047969
 -1.395511 -1.136001 -1.858132 -1.290151
 -1.736699 -0.991368 -1.542543 -1.431318
 -1.374866 -0.969402 -1.826848 -1.575535
 -1.994698 -0.879560 -1.556445 -1.435084
 -1.630271 -0.937126 -2.009758 -1.278875
 -1.304616 -1.002336 -2.191917 -1.386294
 -1.568615 -0.826680 -1.999395 -1.519825
 -1.660295 -0.989129 -1.537694 -1.499953
 -1.682864 -1.143870 -1.894172 -1.063827
 -1.417711 -0.991193 -2.176813 -1.297566
 -1.294728 -0.923166 -1.892560 -1.725508
 -2.606789 -0.743580 -1.545924 -1.436725
 -1.584408 0.000100 0.000100 0.000100
 -1.213232 0.000100 0.000100 0.000100
 -1.260860 0.000100 0.000100 0.000100
 -1.540445 0.000100 0.000100 0.000100
 -1.444114 -0.962277 -1.397594 -2.003726
 -1.394076 -1.394076 -1.222227 -1.563975
 -1.315677 -1.410987 -1.123306 -1.816450
 -2.230009 -1.397105 -0.949082 -1.354546
 -1.619908 -1.197053 -1.473305 -1.306252
 -1.834683 -1.115563 -1.521026 -1.223776
 -1.151455 -1.329136 -1.329136 -1.868131
 -1.933930 -0.984855 -1.283347 -1.585626
 -1.967647 -1.397105 -1.131403 -1.236763
 -2.197221 -1.121086 -1.408767 -1.144075
 -1.453953 -0.888641 -1.900238 -1.581786
 -1.761905 -1.599387 -1.098613 -1.227825
 -13.458841 -13.458841 -0.000004 -13.458841
 -14.085541 -14.085541 -0.000002 -14.085541
 -13.928843 -13.928843 -0.000003 -13.928843
 -14.006134 -14.006134 -0.000002 -14.006134
 -1.386294 -1.386294 -1.386294 -1.386294
 -1.386294 -1.386294 -1.386294 -1.386294
 -15.283386 -15.283386 -0.000001 -15.283386
 -1.386294 -1.386294 -1.386294 -1.386294
 -1.386294 -1.386294 -1.386294 -1.386294
 -1.386294 -1.386294 -1.386294 -1.386294
 -15.283386 -15.283386 -15.283386 -0.000001
 -1.386294 -1.386294 -1.386294 -1.386294
 -1.386294 -1.386294 -1.386294 -1.386294
 -1.386294 -1.386294 -1.386294 -1.386294
 -1.386294 -1.386294 -1.386294 -1.386294
 -0.000001 -15.283386 -15.283386 -15.283386
 -1.584408 -1.269024 -1.838938 -1.036092
 -1.386294 -1.386294 -1.386294 -1.386294
 -1.386294 -1.386294 -1.386294 -1.386294
 -1.386294 -1.386294 -1.386294 -1.386294
 -13.698981 -13.698981 -0.000003 -13.698981
 -14.014365 -14.014365 -0.000002 -14.014365
 -13.444452 -13.444452 -0.000004 -13.444452
 -14.247295 -14.247295 -0.000002 -14.247295
 -1.386294 -1.386294 -1.386294 -1.386294
 -1.386294 -1.386294 -1.386294 -1.386294
 -15.283386 -0.000001 -15.283386 -15.283386
 -1.386294 -1.386294 -1.386294 -1.386294
 -1.386294 -1.386294 -1.386294 -1.386294
 -1.438315 -1.221014 -1.419084 -1.488077
 -1.386294 -1.386294 -1.386294 -1.386294
 -1.386294 -1.386294 -1.386294 -1.386294
 -1.499234 -1.690289 -0.921158 -1.638996
 -1.325670 -1.188469 -1.296682 -1.856296
 -1.157454 -1.157454 -1.321756 -2.256060
 -2.639047 -0.871397 -1.029621 -1.876915
 -1.396657 -1.530188 -1.173514 -1.483668
 -1.481604 -1.219241 -1.515506 -1.356441
 -1.379126 -1.323556 -1.173274 -1.756419
 -2.110207 -0.970781 -1.145134 -1.704746
 -1.316615 -1.278875 -1.316615 -1.684338
 -1.585145 -1.115142 -1.338285 -1.585145
 -1.410987 -1.256837 -1.410987 -1.479980
 -1.688574 -1.154494 -1.189585 -1.631416
 -1.945907 -1.150981 -0.974051 -1.812377
 -1.441210 -1.409461 -1.211636 -1.507901
 -1.352393 -1.352393 -1.227230 -1.662547
 -2.542717 -1.156433 -1.156433 -1.230541
