 -1.238947 0.000100 0.000100 0.000100
 -1.233314 0.000100 0.000100 0.000100
 -1.661507 0.000100 0.000100 0.000100
 -1.473454 0.000100 0.000100 0.000100
 -1.187166 -1.414950 -1.187166 -1.918052
 -1.104247 -1.249958 -1.518222 -1.814487
 -0.659247 -1.352393 -1.863216 -2.674139
 -2.169050 -0.864106 -1.507655 -1.415282
 -1.022240 -1.252763 -1.504077 -2.022869
 -0.676888 -1.712978 -1.654137 -2.118441
 -0.721722 -1.459319 -1.521839 -2.758594
 -1.741496 -0.991193 -1.278875 -1.741496
 -0.539576 -1.898469 -2.251289 -1.820508
 -0.643138 -1.914360 -2.105414 -1.584120
 -0.320309 -2.132683 -2.507373 -2.602683
 -1.457246 -1.457246 -1.517870 -1.154966
 -2.335373 -2.653826 -0.322495 -2.220963
 -1.536867 -1.967647 -0.843722 -1.536867
 -1.504077 -1.878767 -0.613107 -2.484895
 -2.708040 -2.456728 -0.336475 -2.014900
 -13.541079 -13.541079 -0.000004 -13.541079
 -13.253399 -13.253399 -0.000005 -13.253399
 -15.204303 -15.204303 -0.000001 -15.204303
 -13.554151 -13.554151 -0.000004 -13.554151
 -1.386294 -1.386294 -1.386294 -1.386294
 -1.386294 -1.386294 -1.386294 -1.386294
 -15.625438 -15.625438 -15.625438 -0.000000
 -1.386294 -1.386294 -1.386294 -1.386294
 -1.386294 -1.386294 -1.386294 -1.386294
 -1.386294 -1.386294 -1.386294 -1.386294
 -1.386294 -1.386294 -1.386294 -1.386294
 -15.625438 -2.097608 -0.335164 -1.819977
 -1.386294 -1.386294 -1.386294 -1.386294
 -0.653929 -1.544899 -2.120258 -1.919589
 -0.353086 -1.625586 -2.747726 -3.307339
 -1.459625 -0.881549 -2.030167 -1.504077
 -15.121138 -15.121138 -0.000001 -15.121138
 -14.173188 -14.173188 -0.000002 -14.173188
 -13.122372 -13.122372 -0.000006 -13.122372
 -13.102169 -13.102169 -0.000006 -13.102169
 -1.386294 -1.386294 -1.386294 -1.386294
 -1.386294 -1.386294 -1.386294 -1.386294
 -1.168073 -0.625137 -1.871802 -15.625438
 -1.386294 -1.386294 -1.386294 -1.386294
 -1.418383 -1.057370 -1.879727 -1.355204
 -1.107829 -1.268172 -1.746908 -1.541465
 -1.016936 -1.176000 -1.904235 -1.710080
 -1.386294 -1.386294 -1.386294 -1.386294
 -1.407801 -1.247458 -1.802454 -1.193391
 -1.542229 -1.170666 -1.734600 -1.205757
 -1.078811 -0.843972 -1.771955 -2.813398
 -1.693778 -1.151455 -1.777159 -1.105993
 -1.421386 -1.313172 -1.480226 -1.339148
 -1.732918 -1.068760 -1.822530 -1.145133
 -1.178656 -1.033474 -1.754017 -1.811176
 -2.104132 -0.972733 -1.544518 -1.249719
 -1.508184 -1.140460 -1.913647 -1.166435
 -1.320543 -1.093770 -1.893888 -1.396050
 -1.551808 -0.781702 -1.937469 -1.679641
 -2.215571 -0.962812 -1.344746 -1.392373
 -1.394326 -1.217396 -1.737270 -1.272966
 -1.678430 -0.733970 -2.120262 -1.544899
 -1.600305 -0.953680 -1.695614 -1.472472
 -2.190664 -0.819189 -1.728043 -1.310309
 -1.408155 0.000100 0.000100 0.000100
 -1.341452 0.000100 0.000100 0.000100
 -1.251846 0.000100 0.000100 0.000100
 -1.570392 0.000100 0.000100 0.000100
 -1.419420 -1.266069 -1.226731 -1.698497
 -1.598456 -1.111112 -1.389751 -1.516577
 -1.266795 -1.172130 -1.434223 -1.770430
 -2.183437 -0.927562 -1.278248 -1.545035
 -1.627418 -1.227877 -1.097499 -1.731913
 -1.532631 -1.180711 -1.293210 -1.596600
 -1.399999 -1.187674 -1.314690 -1.715269
 -2.200156 -1.011601 -1.152423 -1.562043
 -1.427896 -1.381176 -1.323417 -1.416010
 -1.282906 -1.426591 -1.387538 -1.456914
 -1.364823 -1.258461 -1.356839 -1.594501
 -1.878543 -1.172192 -1.216024 -1.422569
 -1.225687 -1.420148 -1.513797 -1.407751
 -1.450199 -1.199468 -1.501618 -1.421498
 -1.116178 -1.259386 -1.625152 -1.651508
 -2.670456 -1.032795 -1.113920 -1.400396
 -18.176569 -18.176569 0.000000 -18.176569
 -18.400988 -18.400988 0.000000 -18.400988
 -18.192148 -18.192148 0.000000 -18.192148
 -18.153454 -18.153454 0.000000 -18.153454
 -1.386294 -1.386294 -1.386294 -1.386294
 -1.386294 -1.386294 -1.386294 -1.386294
 -19.622181 -19.622181 -19.622181 0.000000
 -1.386294 -1.386294 -1.386294 -1.386294
 -1.386294 -1.386294 -1.386294 -1.386294
 -1.386294 -1.386294 -1.386294 -1.386294
 -1.386294 -1.386294 -1.386294 -1.386294
 -19.622181 -0.869251 -1.281084 -1.194028
 -1.386294 -1.386294 -1.386294 -1.386294
 -1.602718 -1.316551 -1.287541 -1.367887
 -1.350871 -1.334287 -1.242046 -1.666819
 -2.672463 -1.157272 -1.147219 -1.207121
 -17.892200 -17.892200 0.000000 -17.892200
 -18.351974 -18.351974 0.000000 -18.351974
 -18.391562 -18.391562 0.000000 -18.391562
 -18.235195 -18.235195 0.000000 -18.235195
 -1.386294 -1.386294 -1.386294 -1.386294
 -1.386294 -1.386294 -1.386294 -1.386294
 -1.157866 -0.915344 -1.253636 -19.622181
 -1.386294 -1.386294 -1.386294 -1.386294
 -1.580751 -1.320178 -1.154724 -1.551418
 -1.469346 -1.234970 -1.309475 -1.564852
 -1.391788 -1.184360 -1.449345 -1.557302
 -1.386294 -1.386294 -1.386294 -1.386294
 -1.291260 -1.523814 -1.233862 -1.532335
 -1.337932 -1.446841 -1.259055 -1.521530
 -1.168123 -1.358379 -1.401552 -1.683310
 -1.812843 -1.264044 -1.147667 -1.440012
 -1.451393 -1.303884 -1.253580 -1.566378
 -1.474888 -1.180055 -1.447619 -1.474888
 -1.220011 -1.227255 -1.455774 -1.723406
 -2.000660 -1.021008 -1.296085 -1.465678
 -1.579176 -1.268511 -1.153533 -1.624120
 -1.397786 -1.306797 -1.306434 -1.554065
 -1.372746 -1.209160 -1.305890 -1.730416
 -2.169806 -1.095322 -1.112173 -1.502717
 -1.389000 -1.407423 -1.277895 -1.481576
 -1.393904 -1.417297 -1.296419 -1.443851
 -1.287085 -1.337753 -1.326871 -1.628697
 -1.898164 -1.240979 -1.140945 -1.420726
