 -1.381536 0.000100 0.000100 0.000100
 -1.218385 0.000100 0.000100 0.000100
 -1.516877 0.000100 0.000100 0.000100
 -1.453699 0.000100 0.000100 0.000100
 -1.019544 -1.349023 -1.695298 -1.628607
 -1.293921 -1.236763 -2.047691 -1.182696
 -1.077107 -1.143065 -2.442342 -1.371906
 -1.589235 -0.879560 -1.771555 -1.556445
 -1.391714 -1.159913 -1.328536 -1.754619
 -1.290984 -1.171183 -1.584745 -1.560647
 -0.810932 -1.203974 -1.504077 -3.401168
 -1.945908 -0.760288 -1.704747 -1.571216
 -1.404871 -1.597242 -1.016214 -1.659762
 -0.946421 -1.418780 -1.517870 -1.892563
 -0.678760 -1.430746 -1.669156 -2.730021
 -1.472472 -1.053763 -1.395511 -1.746907
 -0.986909 -1.333185 -14.603970 -1.011601
 -1.067262 -1.367366 -14.266589 -0.913112
 -0.693148 -1.464256 -14.285517 -1.313974
 -1.813736 -1.154494 -13.732133 -0.650590
 -14.652760 -14.652760 -0.000001 -14.652760
 -14.310209 -14.310209 -0.000002 -14.310209
 -1.386294 -1.386294 -1.386294 -1.386294
 -14.665663 -14.665663 -0.000001 -14.665663
 -1.386294 -1.386294 -1.386294 -1.386294
 -1.386294 -1.386294 -1.386294 -1.386294
 -15.654472 -15.654472 -15.654472 -0.000000
 -1.386294 -1.386294 -1.386294 -1.386294
 -1.386294 -1.386294 -1.386294 -1.386294
 -1.386294 -1.386294 -1.386294 -1.386294
 -1.386294 -1.386294 -1.386294 -1.386294
 -0.000001 -15.654472 -15.654472 -15.654472
 -0.763959 -1.362727 -2.615488 -1.584319
 -1.386294 -1.386294 -1.386294 -1.386294
 -1.386294 -1.386294 -1.386294 -1.386294
 -1.386294 -1.386294 -1.386294 -1.386294
 -14.890514 -14.890514 -0.000001 -14.890514
 -14.291747 -14.291747 -0.000002 -14.291747
 -13.038990 -13.038990 -0.000006 -13.038990
 -14.070156 -14.070156 -0.000002 -14.070156
 -1.386294 -1.386294 -1.386294 -1.386294
 -1.386294 -1.386294 -1.386294 -1.386294
 -1.130926 -0.651118 -1.859163 -15.654472
 -1.386294 -1.386294 -1.386294 -1.386294
 -1.463058 -1.170072 -1.757857 -1.252763
 -1.488948 -1.168041 -1.841769 -1.187844
 -1.058608 -0.871397 -2.505517 -1.876915
 -1.386294 -1.386294 -1.386294 -1.386294
 -1.517064 -1.259236 -1.609437 -1.214784
 -1.436056 -1.320543 -1.831367 -1.093770
 -1.509354 -0.840307 -1.781286 -1.720662
 -1.719303 -1.010158 -2.108767 -1.092849
 -1.378914 -1.034075 -1.860751 -1.439539
 -1.442005 -0.870556 -2.222161 -1.442005
 -1.524077 -0.723302 -1.907068 -1.907068
 -2.251289 -0.840306 -1.951186 -1.136151
 -1.562184 -0.812950 -2.740831 -1.264934
 -1.965030 -0.648696 -2.208651 -1.481604
 -1.609437 -0.658464 -2.140061 -1.803591
 -2.484901 -0.595510 -1.958812 -1.494508
 -1.642226 -0.843722 -2.230009 -1.313724
 -1.788668 -0.641855 -2.251290 -1.603265
 -1.238375 -1.056054 -1.749197 -1.669155
 -2.571912 -0.665750 -1.791758 -1.414465
 -1.440464 0.000100 0.000100 0.000100
 -1.393722 0.000100 0.000100 0.000100
 -1.122011 0.000100 0.000100 0.000100
 -1.663852 0.000100 0.000100 0.000100
 -1.191679 -1.422083 -1.446675 -1.515371
 -1.318732 -1.361443 -1.421386 -1.448785
 -1.097193 -1.283779 -1.549482 -1.732473
 -1.658228 -1.210916 -1.360977 -1.365750
 -1.743903 -1.182953 -0.965694 -1.979981
 -1.627771 -0.925852 -1.443249 -1.764454
 -1.419547 -1.058782 -1.415457 -1.780916
 -2.158415 -0.859132 -1.331158 -1.625611
 -1.466337 -1.300545 -1.130646 -1.748569
 -1.176283 -1.440291 -1.224663 -1.827213
 -1.304441 -1.266257 -1.202079 -1.922625
 -1.697837 -1.333615 -1.079381 -1.543687
 -0.808732 -1.509816 -16.245609 -1.097732
 -0.938270 -1.326871 -16.237656 -1.068890
 -0.735219 -1.350248 -16.407028 -1.341615
 -1.808426 -0.847757 -15.797891 -0.897191
 -16.652246 -16.652246 -0.000000 -16.652246
 -16.306234 -16.306234 -0.000000 -16.306234
 -1.386294 -1.386294 -1.386294 -1.386294
 -16.462395 -16.462395 -0.000000 -16.462395
 -1.386294 -1.386294 -1.386294 -1.386294
 -1.386294 -1.386294 -1.386294 -1.386294
 -17.582277 -17.582277 -17.582277 -0.000000
 -1.386294 -1.386294 -1.386294 -1.386294
 -1.386294 -1.386294 -1.386294 -1.386294
 -1.386294 -1.386294 -1.386294 -1.386294
 -1.386294 -1.386294 -1.386294 -1.386294
 0.000000 -17.582277 -17.582277 -17.582277
 -1.955204 -0.810815 -2.005466 -1.275215
 -1.386294 -1.386294 -1.386294 -1.386294
 -1.386294 -1.386294 -1.386294 -1.386294
 -1.386294 -1.386294 -1.386294 -1.386294
 -15.627073 -15.627073 -0.000000 -15.627073
 -16.771461 -16.771461 -0.000000 -16.771461
 -15.576812 -15.576812 -0.000001 -15.576812
 -16.307062 -16.307062 -0.000000 -16.307062
 -1.386294 -1.386294 -1.386294 -1.386294
 -1.386294 -1.386294 -1.386294 -1.386294
 -0.860412 -1.255542 -1.230691 -17.582277
 -1.386294 -1.386294 -1.386294 -1.386294
 -1.589946 -1.337739 -1.088278 -1.625421
 -1.700294 -1.013836 -1.514275 -1.449968
 -1.294806 -1.052200 -1.639987 -1.698827
 -1.386294 -1.386294 -1.386294 -1.386294
 -1.442954 -1.451963 -1.190644 -1.488834
 -1.318472 -1.468532 -1.173733 -1.645156
 -1.358418 -1.254089 -1.311430 -1.670449
 -1.496718 -1.437588 -1.089563 -1.598138
 -1.201191 -1.376133 -1.588307 -1.417414
 -1.256515 -1.484605 -1.436209 -1.382556
 -1.110120 -1.349600 -1.410224 -1.789474
 -1.513918 -1.363514 -1.323774 -1.354546
 -1.779840 -1.215497 -1.044924 -1.697976
 -1.653129 -1.149123 -1.349794 -1.459545
 -1.276456 -1.222021 -1.383372 -1.739491
 -2.188007 -1.007238 -1.206033 -1.499458
 -1.452476 -1.411233 -1.166111 -1.557837
 -1.366764 -1.431876 -1.215483 -1.562354
 -1.363664 -1.424095 -1.196372 -1.603144
 -1.963181 -1.191870 -1.051781 -1.576869
