 -1.265502 0.000100 0.000100 0.000100
 -1.311412 0.000100 0.000100 0.000100
 -1.642529 0.000100 0.000100 0.000100
 -1.366598 0.000100 0.000100 0.000100
 -1.336284 -1.098613 -1.438938 -1.791758
 -1.420427 -0.845064 -2.231354 -1.507438
 -0.801629 -1.146469 -1.900238 -2.475597
 -1.729883 -0.871224 -1.690662 -1.514772
 -1.203973 -1.249436 -1.678430 -1.484275
 -0.788458 -1.653454 -1.758814 -1.704747
 -0.725238 -1.418383 -1.558144 -2.762105
 -1.704747 -0.957535 -1.761905 -1.337023
 -0.564531 -1.950823 -2.022281 -1.852383
 -0.765122 -1.834317 -2.025372 -1.414465
 -0.410430 -1.724747 -2.823348 -2.312529
 -1.699951 -1.277095 -1.811176 -0.980831
 -14.805053 -14.805053 -0.000001 -14.805053
 -13.805464 -13.805464 -0.000003 -13.805464
 -13.444452 -13.444452 -0.000004 -13.444452
 -13.963934 -13.963934 -0.000003 -13.963934
 -1.386294 -1.386294 -1.386294 -1.386294
 -1.386294 -1.386294 -1.386294 -1.386294
 -15.525700 -15.525700 -0.000001 -15.525700
 -1.386294 -1.386294 -1.386294 -1.386294
 -1.386294 -1.386294 -1.386294 -1.386294
 -1.386294 -1.386294 -1.386294 -1.386294
 -15.525700 -15.525700 -15.525700 -0.000001
 -1.386294 -1.386294 -1.386294 -1.386294
 -1.386294 -1.386294 -1.386294 -1.386294
 -1.386294 -1.386294 -1.386294 -1.386294
 -1.386294 -1.386294 -1.386294 -1.386294
 -0.000001 -15.525700 -15.525700 -15.525700
 -0.949382 -1.311412 -2.626477 -1.304723
 -1.386294 -1.386294 -1.386294 -1.386294
 -1.386294 -1.386294 -1.386294 -1.386294
 -1.386294 -1.386294 -1.386294 -1.386294
 -14.576319 -14.576319 -0.000001 -14.576319
 -14.214290 -14.214290 -0.000002 -14.214290
 -12.899230 -12.899230 -0.000007 -12.899230
 -14.220979 -14.220979 -0.000002 -14.220979
 -1.386294 -1.386294 -1.386294 -1.386294
 -1.386294 -1.386294 -1.386294 -1.386294
 -0.457425 -15.525699 -1.002152 -15.525699
 -1.386294 -1.386294 -1.386294 -1.386294
 -1.358124 -1.347074 -1.832581 -1.130546
 -1.386294 -1.386294 -1.386294 -1.386294
 -1.064711 -1.022747 -2.094328 -1.757857
 -1.386294 -1.386294 -1.386294 -1.386294
 -1.337504 -1.268512 -1.779336 -1.246533
 -1.249719 -1.271225 -1.544518 -1.516347
 -0.928715 -1.098614 -2.315000 -1.755390
 -1.359626 -1.563225 -1.386294 -1.259543
 -1.485385 -1.331235 -1.572396 -1.197704
 -1.569959 -0.829560 -2.170730 -1.420427
 -0.983951 -1.146469 -1.414732 -2.726908
 -1.931519 -1.120592 -1.526056 -1.166054
 -1.410200 -0.994041 -1.953813 -1.410200
 -1.642227 -1.021055 -1.562185 -1.441557
 -1.444563 -0.771621 -2.178528 -1.667706
 -2.064624 -0.890508 -1.602002 -1.342492
 -1.290151 -1.136001 -1.800974 -1.433251
 -1.720933 -0.918588 -1.858133 -1.324052
 -1.009001 -1.067842 -1.856295 -1.999395
 -2.094943 -1.083346 -1.401798 -1.229949
 -1.720150 0.000100 0.000100 0.000100
 -1.146693 0.000100 0.000100 0.000100
 -1.217898 0.000100 0.000100 0.000100
 -1.572992 0.000100 0.000100 0.000100
 -1.315677 -1.436305 -1.315677 -1.488948
 -1.218976 -1.316615 -1.266604 -1.866660
 -1.339439 -1.443236 -1.058824 -1.864448
 -1.636106 -1.335001 -1.072637 -1.609437
 -1.297884 -1.446919 -1.501979 -1.313388
 -1.491174 -1.252763 -1.635755 -1.222910
 -1.362030 -1.375823 -1.362030 -1.447796
 -1.952100 -1.303407 -1.398717 -1.080264
 -1.993995 -1.490091 -1.057228 -1.234158
 -2.006533 -1.446919 -1.377926 -0.972462
 -1.740939 -1.257514 -1.590658 -1.089179
 -2.241495 -1.274655 -1.106518 -1.260668
 -14.038657 -14.038657 -0.000002 -14.038657
 -14.669928 -14.669928 -0.000001 -14.669928
 -14.774862 -14.774862 -0.000001 -14.774862
 -14.897317 -14.897317 -0.000001 -14.897317
 -1.386294 -1.386294 -1.386294 -1.386294
 -1.386294 -1.386294 -1.386294 -1.386294
 -16.030357 -16.030357 -0.000000 -16.030357
 -1.386294 -1.386294 -1.386294 -1.386294
 -1.386294 -1.386294 -1.386294 -1.386294
 -1.386294 -1.386294 -1.386294 -1.386294
 -16.030357 -16.030357 -16.030357 -0.000000
 -1.386294 -1.386294 -1.386294 -1.386294
 -1.386294 -1.386294 -1.386294 -1.386294
 -1.386294 -1.386294 -1.386294 -1.386294
 -1.386294 -1.386294 -1.386294 -1.386294
 -0.000000 -16.030357 -16.030357 -16.030357
 -1.541902 -1.181662 -2.083817 -1.036191
 -1.386294 -1.386294 -1.386294 -1.386294
 -1.386294 -1.386294 -1.386294 -1.386294
 -1.386294 -1.386294 -1.386294 -1.386294
 -14.488457 -14.488457 -0.000002 -14.488457
 -14.848697 -14.848697 -0.000001 -14.848697
 -13.946543 -13.946543 -0.000003 -13.946543
 -14.994166 -14.994166 -0.000001 -14.994166
 -1.386294 -1.386294 -1.386294 -1.386294
 -1.386294 -1.386294 -1.386294 -1.386294
 -0.671548 -16.030357 -0.715223 -16.030357
 -1.386294 -1.386294 -1.386294 -1.386294
 -1.328187 -1.403536 -1.192641 -1.682560
 -1.386294 -1.386294 -1.386294 -1.386294
 -1.100847 -1.386294 -1.422662 -1.735345
 -1.386294 -1.386294 -1.386294 -1.386294
 -1.602138 -1.375365 -0.965081 -1.802809
 -1.347413 -1.330606 -1.381899 -1.493124
 -1.316768 -1.258781 -1.514127 -1.478410
 -1.779782 -1.423108 -1.283347 -1.160745
 -1.353350 -1.535671 -1.247990 -1.430311
 -1.290984 -1.403101 -1.275946 -1.609437
 -1.173896 -1.250857 -1.542993 -1.656321
 -1.685423 -1.315677 -0.966302 -1.796648
 -1.487479 -1.317581 -1.382119 -1.365590
 -1.694120 -1.250629 -1.360977 -1.296438
 -1.316025 -1.359828 -1.330414 -1.557187
 -1.707498 -1.143564 -1.490434 -1.291984
 -1.714798 -1.448170 -0.855667 -1.832580
 -1.467640 -1.355523 -1.175730 -1.593933
 -1.343735 -1.294945 -1.395028 -1.526056
 -1.941571 -1.175400 -1.019239 -1.676879
