 -1.379864 0.000100 0.000100 0.000100
 -1.388447 0.000100 0.000100 0.000100
 -1.371353 0.000100 0.000100 0.000100
 -1.405839 0.000100 0.000100 0.000100
 -1.429969 -1.584119 -1.073295 -1.543298
 -1.352393 -1.198243 -1.575536 -1.457753
 -1.336698 -1.107124 -1.474847 -1.726161
 -2.171245 -1.098613 -1.239691 -1.335001
 -0.987388 -1.446919 -1.629239 -1.629239
 -1.128466 -1.511457 -1.777159 -1.249094
 -0.869039 -1.236763 -1.524444 -2.623049
 -1.995668 -0.784583 -1.801514 -1.415853
 -1.008229 -1.819157 -1.500704 -1.386294
 -1.113319 -1.423473 -2.086765 -1.182312
 -0.728241 -2.163318 -1.693318 -1.521469
 -2.740828 -1.098613 -1.006240 -1.441557
 -14.200776 -14.200776 -0.000002 -14.200776
 -13.795312 -13.795312 -0.000003 -13.795312
 -13.815515 -13.815515 -0.000003 -13.815515
 -13.997835 -13.997835 -0.000003 -13.997835
 -1.386294 -1.386294 -1.386294 -1.386294
 -1.386294 -1.386294 -1.386294 -1.386294
 -15.352379 -15.352379 -0.000001 -15.352379
 -1.386294 -1.386294 -1.386294 -1.386294
 -1.386294 -1.386294 -1.386294 -1.386294
 -1.386294 -1.386294 -1.386294 -1.386294
 -15.352379 -15.352379 -15.352379 -0.000001
 -1.386294 -1.386294 -1.386294 -1.386294
 -1.386294 -1.386294 -1.386294 -1.386294
 -1.386294 -1.386294 -1.386294 -1.386294
 -1.386294 -1.386294 -1.386294 -1.386294
 -0.000001 -15.352379 -15.352379 -15.352379
 -1.073133 -1.488077 -2.380836 -1.079443
 -1.386294 -1.386294 -1.386294 -1.386294
 -1.386294 -1.386294 -1.386294 -1.386294
 -1.386294 -1.386294 -1.386294 -1.386294
 -14.279247 -14.279247 -0.000002 -14.279247
 -13.864305 -13.864305 -0.000003 -13.864305
 -12.971550 -12.971550 -0.000007 -12.971550
 -14.272938 -14.272938 -0.000002 -14.272938
 -1.386294 -1.386294 -1.386294 -1.386294
 -1.386294 -1.386294 -1.386294 -1.386294
 -15.352379 -15.352379 -15.352379 -0.000001
 -1.386294 -1.386294 -1.386294 -1.386294
 -1.386294 -1.386294 -1.386294 -1.386294
 -1.386294 -1.386294 -1.386294 -1.386294
 -1.386294 -1.386294 -1.386294 -1.386294
 -15.352379 -15.352379 -15.352379 -0.000001
 -1.386294 -1.386294 -1.386294 -1.386294
 -1.386294 -1.386294 -1.386294 -1.386294
 -1.386294 -1.386294 -1.386294 -1.386294
 -2.134703 -1.354546 -1.259236 -1.079443
 -1.609436 -1.011603 -2.215564 -1.116963
 -1.261132 -0.937345 -3.178037 -1.261132
 -1.193923 -1.219241 -1.887068 -1.386294
 -1.927099 -1.073612 -1.324926 -1.399033
 -1.386294 -1.216396 -1.504077 -1.463255
 -1.519825 -1.067841 -1.817076 -1.290984
 -1.294728 -0.735114 -2.498689 -1.805550
 -1.929907 -1.036093 -1.323774 -1.452986
 -1.386294 -1.386294 -1.771955 -1.108664
 -1.678000 -1.261840 -1.646251 -1.086637
 -1.156433 -1.310583 -1.780584 -1.397594
 -2.061419 -1.116962 -1.404643 -1.203973
 -2.302573 0.000100 0.000100 0.000100
 -1.021654 0.000100 0.000100 0.000100
 -1.203974 0.000100 0.000100 0.000100
 -1.427116 0.000100 0.000100 0.000100
 -10.819859 -1.609418 -0.916321 -0.916321
 -1.098618 -1.791748 -1.098618 -1.791748
 -1.098619 -2.014880 -1.098619 -1.609431
 -2.484840 -1.098621 -0.875482 -1.791743
 -1.791743 -1.098621 -1.791743 -1.098621
 -1.203979 -1.609428 -2.302525 -0.916306
 -1.504075 -0.944470 -1.280936 -2.197197
 -2.302525 -1.203979 -1.203979 -1.203979
 -2.302525 -1.609428 -0.510849 -2.302525
 -1.673968 -2.079417 -1.673968 -0.693160
 -2.397832 -0.788474 -1.299286 -1.704734
 -2.564880 -11.775321 -0.955522 -0.619056
 -11.002167 -11.002167 -0.000050 -11.002167
 -11.407610 -11.407610 -0.000033 -11.407610
 -12.043577 -12.043577 -0.000018 -12.043577
 -12.100735 -12.100735 -0.000017 -12.100735
 -1.386294 -1.386294 -1.386294 -1.386294
 -1.386294 -1.386294 -1.386294 -1.386294
 -13.122372 -13.122372 -0.000006 -13.122372
 -1.386294 -1.386294 -1.386294 -1.386294
 -1.386294 -1.386294 -1.386294 -1.386294
 -1.386294 -1.386294 -1.386294 -1.386294
 -13.122372 -13.122372 -13.122372 -0.000006
 -1.386294 -1.386294 -1.386294 -1.386294
 -1.386294 -1.386294 -1.386294 -1.386294
 -1.386294 -1.386294 -1.386294 -1.386294
 -1.386294 -1.386294 -1.386294 -1.386294
 -0.000006 -13.122372 -13.122372 -13.122372
 -1.427116 -1.203974 -2.120255 -1.078812
 -1.386294 -1.386294 -1.386294 -1.386294
 -1.386294 -1.386294 -1.386294 -1.386294
 -1.386294 -1.386294 -1.386294 -1.386294
 -11.695280 -11.695280 -0.000025 -11.695280
 -11.918417 -11.918417 -0.000020 -11.918417
 -11.002167 -11.002167 -0.000050 -11.002167
 -12.043577 -12.043577 -0.000018 -12.043577
 -1.386294 -1.386294 -1.386294 -1.386294
 -1.386294 -1.386294 -1.386294 -1.386294
 -13.122372 -13.122372 -13.122372 -0.000006
 -1.386294 -1.386294 -1.386294 -1.386294
 -1.386294 -1.386294 -1.386294 -1.386294
 -1.386294 -1.386294 -1.386294 -1.386294
 -1.386294 -1.386294 -1.386294 -1.386294
 -13.122372 -13.122372 -13.122372 -0.000006
 -1.386294 -1.386294 -1.386294 -1.386294
 -1.386294 -1.386294 -1.386294 -1.386294
 -1.386294 -1.386294 -1.386294 -1.386294
 -2.813385 -0.916294 -1.021654 -1.714795
 -10.309086 -1.098646 -1.098646 -1.098646
 -1.609433 -1.049828 -1.049828 -2.302555
 -1.504075 -2.197197 -0.944470 -1.280936
 -1.504072 -1.504072 -0.587811 -11.407610
 -2.302525 -0.510849 -1.203979 -11.512965
 -2.484840 -0.693164 -0.875482 -11.695280
 -1.049828 -1.049828 -1.897107 -1.897107
 -0.980846 -2.079391 -0.980846 -2.079391
 -1.791743 -0.875482 -1.098621 -2.484840
 -1.049828 -1.609433 -1.609433 -1.386294
 -1.029628 -1.252767 -1.540440 -1.945889
 -1.386294 -10.596735 -0.287749 -10.596735
